/*Curve*/
-3.8 -3.4 -3 -2.6 -2.2 -1.8 -1.4 -1 -0.6 -0.2 0.2 0.6 1 1.4 1.8 2.2 2.6 3 3.4 3.8 0.01
0.01 1.00 0.01

/*Flat*/
0.01 0.01 0.01 0.01 0.01 0.01 0.01 0.01 0.01 0.01 0.01 0.01 0.01 0.01 0.01 0.01 0.01 0.01 0.01 0.01
1.00 0.01 0.01

/*Edge*/
-1.00 -1.00 -1.00 -1.00 -1.00 -1.00 -1.00 -1.00 -1.00 -1.00 1.00 1.00 1.00 1.00 1.00 1.00 1.00 1.00 1.00 1.00
0.01 0.01 1.00

SIDE1NET SAVE
FLAT
0.00130783 0.00322330 0.00513877 0.00705425 0.00896972 0.01088519 0.01280067 0.01471614 0.01663162 0.01854709
0.00123942 0.00319685 0.00515428 0.00711172 0.00906915 0.01102658 0.01298401 0.01494144 0.01689887 0.01885631 
0.00108762 0.00394706 0.00680650 0.00966594 0.01252538 0.01538482 0.01824426 0.02110370 0.02396314 0.02682258 
0.00128224 0.00384390 0.00640556 0.00896722 0.01152887 0.01409053 0.01665219 0.01921384 0.02177550 0.02433716 
0.00194163 0.00502711 0.00811260 0.01119809 0.01428358 0.01736907 0.02045456 0.02354004 0.02662553 0.02971102 

CURVE(CYL)
0.00239317 0.00774641 0.01309964 0.01845288 0.02380612 0.02915936 0.03451260 0.03986584 0.04521908 0.05057232 
0.00252296 0.00800110 0.01347925 0.01895740 0.02443554 0.02991369 0.03539184 0.04086998 0.04634813 0.05182628 
0.00216529 0.00679033 0.01141538 0.01604042 0.02066546 0.02529050 0.02991555 0.03454059 0.03916563 0.04379067 
0.00080384 0.00316052 0.00551721 0.00787390 0.01023058 0.01258727 0.01494396 0.01730064 0.01965733 0.02201402 

CURVE(SPH)
0.00068188 0.00412435 0.00756682 0.01100929 0.01445176 0.01789422 0.02133669 0.02477916 0.02822163 0.03166409 
0.00208004 0.00772460 0.01336917 0.01901374 0.02465830 0.03030287 0.03594744 0.04159200 0.04723657 0.05288114 
0.00272311 0.00977857 0.01683403 0.02388950 0.03094496 0.03800043 0.04505589 0.05211135 0.05916682 0.06622228 
0.00086873 0.00265428 0.00443984 0.00622539 0.00801094 0.00979649 0.01158205 0.01336760 0.01515315 0.01693870 
0.00078138 0.00187011 0.00295884 0.00404758 0.00513631 0.00622504 0.00731377 0.00840250 0.00949123 0.01057996 


SIDE2NET SAVE
FLAT
0.01097573 0.02978568 0.04859562 0.06740556 0.08621550 0.10502545 0.12383539 0.14264533 0.16145527 0.18026521
0.01413823 0.03645459 0.05877096 0.08108732 0.10340369 0.12572005 0.14803642 0.17035279 0.19266915 0.21498552 
0.00896677 0.02908139 0.04919601 0.06931063 0.08942524 0.10953986 0.12965448 0.14976910 0.16988372 0.18999834 
0.00654705 0.01830619 0.03006533 0.04182447 0.05358361 0.06534276 0.07710190 0.08886104 0.10062018 0.11237932 
0.00475812 0.00876565 0.01277318 0.01678070 0.02078823 0.02479576 0.02880329 0.03281081 0.03681834 0.04082587 

CURVE(CYL)
0.01282153 0.04142207 0.07002262 0.09862317 0.12722371 0.15582426 0.18442481 0.21302535 0.24162590 0.27022645 
0.01374345 0.04118277 0.06862209 0.09606140 0.12350072 0.15094004 0.17837935 0.20581867 0.23325799 0.26069730 
0.01160174 0.03197883 0.05235592 0.07273301 0.09311010 0.11348719 0.13386428 0.15424137 0.17461846 0.19499554 
0.00932181 0.02100673 0.03269165 0.04437657 0.05606148 0.06774640 0.07943132 0.09111624 0.10280116 0.11448608 
0.01010941 0.03275095 0.05539249 0.07803403 0.10067557 0.12331711 0.14595865 0.16860018 0.19124172 0.21388326 
0.00325266 0.01131999 0.01938732 0.02745465 0.03552198 0.04358931 0.05165664 0.05972398 0.06779131 0.07585864 

CURVE(SPH)
0.01115191 0.03354634 0.05594078 0.07833521 0.10072964 0.12312408 0.14551851 0.16791294 0.19030738 0.21270181 
0.00964744 0.03046858 0.05128972 0.07211086 0.09293200 0.11375314 0.13457428 0.15539542 0.17621656 0.19703770 
0.00924245 0.03045171 0.05166097 0.07287023 0.09407950 0.11528876 0.13649802 0.15770728 0.17891654 0.20012580 
0.03001991 0.08589165 0.14176339 0.19763513 0.25350687 0.30937861 0.36525035 0.42112209 0.47699383 0.53286557 
0.03642130 0.10650347 0.17658564 0.24666781 0.31674998 0.38683214 0.45691431 0.52699648 0.59707865 0.66716082 
0.02799297 0.08173925 0.13548553 0.18923181 0.24297809 0.29672437 0.35047065 0.40421693 0.45796321 0.51170949 


