0.00238318 0.00713054 0.01187791 0.01662527 0.02137264 0.02612000 0.03086737 0.03561473 0.04036210 0.04510947
0.99 0.001
0.00416686 0.01246739 0.02076792 0.02906845 0.03736897 0.04566950 0.05397003 0.06227056 0.07057108 0.07887161 
0.001 0.99
0.00204962 0.00613253 0.01021544 0.01429835 0.01838126 0.02246418 0.02654709 0.03063000 0.03471291 0.03879582 
0.01286452 0.03849106 0.06411759 0.08974413 0.11537066 0.14099720 0.16662373 0.19225027 0.21787680 0.24350334 
0.00189078 0.00565728 0.00942378 0.01319027 0.01695677 0.02072327 0.02448976 0.02825626 0.03202276 0.03578925 
0.00433586 0.01297303 0.02161021 0.03024738 0.03888456 0.04752173 0.05615890 0.06479608 0.07343325 0.08207042 
0.00159605 0.00477543 0.00795482 0.01113420 0.01431359 0.01749297 0.02067235 0.02385174 0.02703112 0.03021050 
0.00204325 0.00611347 0.01018369 0.01425391 0.01832413 0.02239435 0.02646457 0.03053479 0.03460501 0.03867523 
0.00196337 0.00587448 0.00978558 0.01369668 0.01760779 0.02151889 0.02542999 0.02934110 0.03325220 0.03716330 
0.00078598 0.00235168 0.00391738 0.00548308 0.00704878 0.00861448 0.01018018 0.01174588 0.01331158 0.01487728 
0.00375136 0.01122419 0.01869702 0.02616985 0.03364268 0.04111551 0.04858834 0.05606117 0.06353400 0.07100683 
0.00236626 0.00707992 0.01179358 0.01650724 0.02122091 0.02593457 0.03064823 0.03536189 0.04007555 0.04478922 
0.00604647 0.01809124 0.03013601 0.04218078 0.05422555 0.06627031 0.07831508 0.09035985 0.10240462 0.11444939 
0.00194797 0.00582838 0.00970879 0.01358920 0.01746961 0.02135002 0.02523044 0.02911085 0.03299126 0.03687167 
0.00286037 0.00855833 0.01425629 0.01995425 0.02565221 0.03135016 0.03704812 0.04274608 0.04844404 0.05414200 
0.00245549 0.00734689 0.01223830 0.01712970 0.02202111 0.02691251 0.03180392 0.03669532 0.04158673 0.04647813 
0.00243857 0.00729628 0.01215399 0.01701169 0.02186940 0.02672711 0.03158482 0.03644253 0.04130024 0.04615794 
0.00308053 0.00921705 0.01535357 0.02149009 0.02762661 0.03376312 0.03989964 0.04603616 0.05217268 0.05830920 
0.00064443 0.00192817 0.00321190 0.00449564 0.00577937 0.00706311 0.00834684 0.00963057 0.01091431 0.01219804 
0.00365136 0.01092498 0.01819860 0.02547222 0.03274584 0.04001946 0.04729309 0.05456671 0.06184033 0.06911395 
0.00346437 0.01036552 0.01726666 0.02416781 0.03106895 0.03797009 0.04487124 0.05177238 0.05867353 0.06557467 
0.00394270 0.01179669 0.01965067 0.02750466 0.03535864 0.04321263 0.05106661 0.05892060 0.06677458 0.07462856 
0.00271979 0.00813770 0.01355560 0.01897351 0.02439142 0.02980932 0.03522723 0.04064514 0.04606304 0.05148095 
0.00117600 0.00351862 0.00586124 0.00820386 0.01054648 0.01288909 0.01523171 0.01757433 0.01991695 0.02225957 