0.01000000 0.01000000 0.34300000 -0.17150000 -0.17150000 -17.83600000 0.34300000 -0.17150000 0.01000000 18.00750000 0.01000000 -0.34300000 0.01000000 -0.17150000 0.01000000 -17.49300000 -0.17150000 18.17900000 -18.00750000 -18.00750000
1.00 0.01
0.17150000 -0.51450000 -17.15000000 -0.34300000 0.17150000 0.01000000 0.01000000 -0.17150000 0.34300000 -0.17150000 17.66450000 0.17150000 -17.83600000 17.66450000 -0.34300000 -17.32150000 0.17150000 -0.17150000 0.17150000 0.17150000
1.00 0.01
-53.33650000 17.83600000 -0.34300000 -17.83600000 -0.17150000 -0.51450000 -17.83600000 0.01000000 0.01000000 0.34300000 -0.51450000 0.34300000 -0.51450000 0.51450000 -0.34300000 0.34300000 0.17150000 -0.17150000 1.02900000 1.02900000
1.00 0.01
0.68600000 0.17150000 0.01000000 0.01000000 17.15000000 -0.68600000 0.34300000 -17.66450000 17.32150000 -0.17150000 -17.15000000 0.01000000 0.01000000 -0.17150000 0.17150000 0.34300000 -0.17150000 -0.17150000 0.17150000 0.17150000
1.00 0.01
0.01000000 0.17150000 0.01000000 -0.34300000 0.17150000 0.01000000 0.01000000 0.34300000 -0.51450000 0.34300000 -0.17150000 0.17150000 -0.17150000 0.17150000 -0.17150000 0.01000000 -0.34300000 0.34300000 0.01000000 0.01000000
1.00 0.01
0.01000000 0.01000000 0.51450000 -0.68600000 0.51450000 0.01000000 -0.34300000 0.17150000 -0.85750000 0.85750000 -0.17150000 0.01000000 -0.17150000 0.17150000 0.34300000 -0.68600000 0.34300000 0.01000000 0.01000000 0.01000000
1.00 0.01
1.54350000 -18.86500000 11.83600000 0.17150000 0.68600000 -0.34300000 -0.17150000 -17.66450000 17.49300000 -17.66450000 18.00750000 -18.00750000 0.17150000 -0.17150000 0.34300000 0.01000000 0.01000000 -0.17150000 -0.17150000 -0.17150000
0.01 1.00
-0.34300000 -17.66450000 36.01500000 0.17150000 -35.67200000 -0.34300000 -10.77250000 -1.77250000 -0.34300000 0.17150000 0.51450000 -0.17150000 0.34300000 0.83600000 -3.84350000 0.01000000 -0.34300000 0.51450000 -0.68600000 -0.68600000
0.01 1.00