0.00114714 0.00339644 0.00564575 0.00789505 0.01014435 0.01239365 0.01464295 0.01689225 0.01914155 0.02139085 
0.99 0.001
0.00163510 0.00484117 0.00804724 0.01125331 0.01445938 0.01766545 0.02087152 0.02407760 0.02728367 0.03048974 
0.001 0.99
0.00251017 0.00743208 0.01235399 0.01727590 0.02219781 0.02711972 0.03204163 0.03696354 0.04188545 0.04680736 
0.00243178 0.00719998 0.01196818 0.01673638 0.02150458 0.02627277 0.03104097 0.03580917 0.04057737 0.04534557 
0.00245845 0.00727893 0.01209942 0.01691990 0.02174039 0.02656087 0.03138136 0.03620184 0.04102233 0.04584281 
0.00108615 0.00321585 0.00534556 0.00747526 0.00960496 0.01173467 0.01386437 0.01599407 0.01812378 0.02025348 
0.00111773 0.00330936 0.00550100 0.00769263 0.00988426 0.01207589 0.01426753 0.01645916 0.01865079 0.02084242 
0.00128189 0.00379539 0.00630889 0.00882240 0.01133590 0.01384940 0.01636291 0.01887641 0.02138991 0.02390342 
-0.02186625 -0.06474125 -0.10761625 -0.15049125 -0.19336625 -0.23624125 -0.27911625 -0.32199125 -0.36486625 -0.40774125 