---------------SIDE1INPUT = 100------------------------------
0.01000000
0.01000000
0.01000000
0.01000000
0.01000000
0.01000000
0.01000000
0.01000000
0.01000000
0.01000000
0.01000000
0.01000000
0.01000000
0.01000000
0.01000000
0.01000000
0.01000000
0.01000000
0.01000000
0.01000000
0.01000000
0.01000000
0.01000000
0.01000000
0.01000000
0.01000000
0.01000000
0.01000000
0.01000000
0.01000000
0.01000000
0.01000000
0.01000000
0.01000000
0.01000000
0.01000000
0.01000000
0.01000000
0.01000000
0.01000000
0.01000000
0.01000000
0.01000000
0.01000000
0.01000000
0.01000000
0.01000000
0.01000000
0.01000000
0.01000000
0.01000000
0.01000000
0.01000000
0.01000000
0.01000000
0.01000000
0.01000000
0.01000000
0.01000000
0.01000000
0.01000000
0.01000000
0.01000000
0.01000000
0.01000000
0.01000000
0.01000000
0.01000000
0.01000000
0.01000000
0.01000000
0.01000000
0.01000000
0.01000000
0.01000000
0.01000000
0.01000000
0.01000000
0.01000000
0.01000000
0.01000000
0.01000000
0.01000000
0.01000000
0.01000000
0.01000000
0.01000000
0.01000000
0.01000000
0.01000000
0.01000000
0.01000000
0.01000000
0.01000000
0.01000000
0.01000000
0.01000000
0.01000000
0.01000000
0.01000000
---------------SIDE1INPUT = 100------------------------------
-0.51450000
0.17150000
-1.02900000
-0.51450000
0.51450000
-0.68600000
0.34300000
0.01000000
0.51450000
-0.68600000
0.34300000
-17.83600000
18.69350000
-1.20050000
-16.12100000
0.68600000
-0.34300000
-0.68600000
0.17150000
0.01000000
0.34300000
0.01000000
-0.34300000
17.83600000
-16.97850000
0.17150000
-0.17150000
-0.34300000
-0.17150000
-1.71500000
2.57250000
-0.68600000
0.01000000
-0.17150000
-0.17150000
-0.17150000
0.17150000
-0.34300000
0.34300000
-0.17150000
0.01000000
-0.17150000
0.68600000
-0.51450000
0.01000000
0.34300000
0.17150000
0.01000000
-0.51450000
0.34300000
-0.17150000
0.01000000
0.17150000
-0.17150000
-0.51450000
0.68600000
-0.34300000
0.01000000
0.01000000
-0.17150000
0.01000000
0.51450000
-0.17150000
-1.37200000
-0.17150000
0.17150000
0.01000000
1.02900000
0.17150000
1.02900000
-1.02900000
-0.51450000
-0.34300000
-0.51450000
0.68600000
-0.68600000
0.34300000
-0.17150000
0.01000000
0.51450000
0.17150000
-1.02900000
5.83100000
-0.34300000
0.01000000
0.51450000
-0.17150000
-0.17150000
0.34300000
-0.34300000
0.01000000
0.68600000
-4.45900000
-0.17150000
8.91800000
-1.71500000
0.85750000
0.34300000
-0.51450000
-0.51450000
---------------SIDE1INPUT = 100------------------------------
0.01000000
0.01000000
0.01000000
0.01000000
0.01000000
0.01000000
0.01000000
0.01000000
0.01000000
0.01000000
0.01000000
0.01000000
0.01000000
0.01000000
0.01000000
0.01000000
0.01000000
0.01000000
0.01000000
0.01000000
0.01000000
0.01000000
0.01000000
0.01000000
0.01000000
0.01000000
0.01000000
0.01000000
0.01000000
0.01000000
0.01000000
0.01000000
0.01000000
0.01000000
0.01000000
0.01000000
0.01000000
0.01000000
0.01000000
0.01000000
0.01000000
0.01000000
0.01000000
0.01000000
0.01000000
0.01000000
0.01000000
0.01000000
0.01000000
0.01000000
0.01000000
0.01000000
0.01000000
0.01000000
0.01000000
0.01000000
0.01000000
0.01000000
0.01000000
0.01000000
0.01000000
0.01000000
0.01000000
0.01000000
0.01000000
0.01000000
0.01000000
0.01000000
0.01000000
0.01000000
0.01000000
0.01000000
0.01000000
0.01000000
0.01000000
0.01000000
0.01000000
0.01000000
0.01000000
0.01000000
0.01000000
0.01000000
0.01000000
0.01000000
0.01000000
0.01000000
0.01000000
0.01000000
0.01000000
0.01000000
0.01000000
0.01000000
0.01000000
0.01000000
0.01000000
0.01000000
0.01000000
0.01000000
0.01000000
0.01000000
---------------SIDE1INPUT = 100------------------------------
-0.51450000
0.17150000
-0.17150000
0.68600000
-1.02900000
-16.80700000
17.83600000
-18.69350000
0.17150000
0.17150000
18.17900000
-18.17900000
-1.02900000
1.20050000
0.34300000
17.66450000
-18.35050000
-1.54350000
19.37950000
-16.97850000
-1.20050000
-1.20050000
1.54350000
18.52200000
-18.35050000
0.51450000
-0.17150000
0.17150000
-1.88650000
1.88650000
16.29250000
-18.35050000
0.34300000
-0.34300000
0.17150000
-0.17150000
-0.51450000
0.34300000
0.17150000
0.17150000
0.34300000
-0.34300000
-0.17150000
-0.17150000
0.68600000
0.01000000
-0.17150000
-0.51450000
0.68600000
0.17150000
-0.17150000
-0.51450000
0.01000000
0.01000000
-17.66450000
18.52200000
-0.85750000
0.34300000
0.01000000
-0.17150000
-18.00750000
17.49300000
-17.32150000
17.32150000
-17.32150000
18.17900000
-0.68600000
0.34300000
-0.17150000
0.17150000
-17.66450000
17.15000000
-17.49300000
0.51450000
0.68600000
0.51450000
0.17150000
-0.34300000
0.51450000
-0.51450000
-0.34300000
0.34300000
-0.34300000
1.02900000
-0.85750000
18.52200000
-1.71500000
-16.46400000
0.01000000
-0.51450000
0.17150000
0.51450000
-0.51450000
-0.34300000
-0.85750000
0.34300000
-0.34300000
0.68600000
-0.51450000
-0.51450000
---------------SIDE1INPUT = 100------------------------------
0.51450000
-0.51450000
0.51450000
-0.34300000
-0.17150000
0.01000000
0.01000000
0.17150000
-0.34300000
0.51450000
-0.34300000
0.17150000
-0.17150000
0.51450000
-1.71500000
1.54350000
-1.71500000
1.71500000
-0.34300000
0.17150000
-0.17150000
-0.68600000
0.51450000
0.85750000
-0.51450000
0.17150000
-0.34300000
0.51450000
-0.34300000
-0.34300000
-1.20050000
0.51450000
0.85750000
-1.54350000
0.34300000
1.37200000
0.01000000
0.34300000
-0.68600000
0.51450000
-0.17150000
-1.37200000
1.88650000
-0.85750000
0.85750000
-0.51450000
-1.54350000
1.37200000
0.17150000
0.01000000
0.51450000
-1.88650000
0.01000000
0.17150000
0.51450000
-0.85750000
1.54350000
-1.20050000
-0.51450000
0.34300000
0.01000000
-0.17150000
0.17150000
-0.17150000
0.17150000
0.17150000
-0.51450000
0.01000000
0.34300000
-0.17150000
0.01000000
0.17150000
0.17150000
-0.34300000
-0.17150000
0.51450000
-0.34300000
0.34300000
-0.34300000
17.49300000
-17.32150000
17.66450000
-17.83600000
17.15000000
0.68600000
-0.34300000
0.01000000
-17.32150000
-0.34300000
17.83600000
-17.32150000
-0.68600000
17.83600000
0.34300000
-0.34300000
0.34300000
17.15000000
-17.15000000
-0.17150000
-0.17150000
---------------SIDE1INPUT = 100------------------------------
0.01000000
0.01000000
0.01000000
0.01000000
0.01000000
0.01000000
0.01000000
0.01000000
0.01000000
0.01000000
0.01000000
0.01000000
0.01000000
0.01000000
0.01000000
0.01000000
0.01000000
0.01000000
0.01000000
0.01000000
0.01000000
0.01000000
0.01000000
0.01000000
0.01000000
0.01000000
0.01000000
0.01000000
0.01000000
0.01000000
0.01000000
0.01000000
0.01000000
0.01000000
0.01000000
0.01000000
0.01000000
0.01000000
0.01000000
0.01000000
0.01000000
0.01000000
0.01000000
0.01000000
0.01000000
0.01000000
0.01000000
0.01000000
0.01000000
0.01000000
0.01000000
0.01000000
0.01000000
0.01000000
0.01000000
0.01000000
0.01000000
0.01000000
0.01000000
0.01000000
0.01000000
0.01000000
0.01000000
0.01000000
0.01000000
0.01000000
0.01000000
0.01000000
0.01000000
0.01000000
0.01000000
0.01000000
0.01000000
0.01000000
0.01000000
0.01000000
0.01000000
0.01000000
0.01000000
0.01000000
0.01000000
0.01000000
0.01000000
0.01000000
0.01000000
0.01000000
0.01000000
0.01000000
0.01000000
0.01000000
0.01000000
0.01000000
0.01000000
0.01000000
0.01000000
0.01000000
0.01000000
0.01000000
0.01000000
0.01000000
---------------SIDE1INPUT = 100------------------------------
0.01000000
0.01000000
0.01000000
0.01000000
0.01000000
0.01000000
0.01000000
0.01000000
0.01000000
0.01000000
0.01000000
0.01000000
0.01000000
0.01000000
0.01000000
0.01000000
0.01000000
0.01000000
0.01000000
0.01000000
0.01000000
0.01000000
0.01000000
0.01000000
0.01000000
0.01000000
0.01000000
0.01000000
0.01000000
0.01000000
0.01000000
0.01000000
0.01000000
0.01000000
0.01000000
0.01000000
0.01000000
0.01000000
0.01000000
0.01000000
0.01000000
0.01000000
0.01000000
0.01000000
0.01000000
0.01000000
0.01000000
0.01000000
0.01000000
0.01000000
0.01000000
0.01000000
0.01000000
0.01000000
0.01000000
0.01000000
0.01000000
0.01000000
0.01000000
0.01000000
0.01000000
0.01000000
0.01000000
0.01000000
0.01000000
0.01000000
0.01000000
0.01000000
0.01000000
0.01000000
0.01000000
0.01000000
0.01000000
0.01000000
0.01000000
0.01000000
0.01000000
0.01000000
0.01000000
0.01000000
0.01000000
0.01000000
0.01000000
0.01000000
0.01000000
0.01000000
0.01000000
0.01000000
0.01000000
0.01000000
0.01000000
0.01000000
0.01000000
0.01000000
0.01000000
0.01000000
0.01000000
0.01000000
0.01000000
0.01000000
---------------SIDE1INPUT = 100------------------------------
-0.51450000
0.17150000
0.34300000
0.01000000
-0.17150000
0.17150000
0.01000000
0.17150000
-0.34300000
-0.17150000
0.17150000
-0.51450000
0.34300000
-0.68600000
0.68600000
0.01000000
0.01000000
0.17150000
-0.34300000
-17.83600000
17.83600000
-17.66450000
18.17900000
-0.34300000
-18.00750000
18.69350000
-0.51450000
-0.34300000
-0.34300000
0.68600000
0.01000000
0.17150000
-0.51450000
0.34300000
-0.34300000
0.34300000
-17.49300000
17.32150000
-0.34300000
0.85750000
0.17150000
-18.17900000
17.83600000
-0.17150000
0.01000000
-0.34300000
-17.32150000
0.34300000
-0.51450000
0.68600000
-0.51450000
17.49300000
-17.32150000
17.66450000
-0.51450000
-17.32150000
17.66450000
0.34300000
-0.34300000
-17.66450000
17.49300000
0.51450000
-0.34300000
0.01000000
-17.66450000
18.00750000
-0.17150000
-17.66450000
0.01000000
17.32150000
-16.97850000
17.15000000
-0.34300000
-17.15000000
17.15000000
0.01000000
-17.15000000
17.49300000
-17.83600000
0.34300000
-0.34300000
0.01000000
0.34300000
-0.34300000
17.83600000
-17.83600000
0.17150000
0.17150000
-0.51450000
17.32150000
-16.97850000
0.17150000
-0.34300000
4.80200000
-4.97350000
0.34300000
0.01000000
17.83600000
-0.51450000
-0.51450000
---------------SIDE1INPUT = 100------------------------------
18.00750000
-17.83600000
0.51450000
-0.68600000
0.34300000
1.02900000
-1.20050000
0.17150000
0.34300000
-0.51450000
0.34300000
-0.34300000
0.01000000
0.34300000
-0.34300000
-0.17150000
18.35050000
-18.17900000
0.17150000
-0.34300000
0.01000000
18.17900000
-18.00750000
0.85750000
-0.51450000
-0.85750000
0.17150000
0.34300000
0.01000000
-0.34300000
0.51450000
0.34300000
-0.17150000
-0.17150000
-0.34300000
0.51450000
17.32150000
-17.32150000
0.01000000
-0.51450000
17.66450000
-17.32150000
-0.34300000
0.17150000
17.66450000
-17.32150000
-0.51450000
0.01000000
0.85750000
-0.85750000
0.51450000
0.01000000
-0.34300000
0.51450000
-0.34300000
0.01000000
-0.68600000
0.34300000
0.34300000
0.01000000
0.34300000
-0.68600000
-0.34300000
1.20050000
-0.34300000
-0.17150000
0.01000000
-0.34300000
1.20050000
-18.17900000
17.15000000
0.17150000
-0.51450000
0.51450000
-0.34300000
0.51450000
-18.00750000
17.66450000
0.34300000
-17.49300000
17.66450000
-18.00750000
1.71500000
-0.17150000
17.49300000
-17.49300000
-0.68600000
18.69350000
-1.88650000
0.17150000
-17.32150000
0.85750000
0.01000000
0.51450000
-0.17150000
-0.68600000
0.17150000
-1.02900000
0.34300000
0.34300000
---------------SIDE1INPUT = 100------------------------------
-0.51450000
0.01000000
0.17150000
-0.51450000
0.17150000
-0.34300000
0.51450000
0.01000000
-0.17150000
-17.32150000
0.17150000
-0.34300000
1.71500000
-0.51450000
0.51450000
-0.17150000
-1.37200000
0.01000000
0.85750000
0.17150000
0.17150000
-0.51450000
0.01000000
1.20050000
-2.05800000
0.01000000
0.17150000
0.17150000
17.32150000
-0.17150000
0.51450000
-0.51450000
0.34300000
-17.66450000
17.49300000
0.01000000
0.17150000
-17.66450000
0.01000000
0.34300000
17.66450000
-17.83600000
-0.17150000
17.15000000
-16.29250000
0.17150000
0.01000000
-1.02900000
0.01000000
0.17150000
0.01000000
0.01000000
17.15000000
-17.32150000
-0.17150000
-0.34300000
18.00750000
0.34300000
-0.17150000
-17.66450000
17.32150000
0.34300000
-0.17150000
0.17150000
0.68600000
-0.34300000
-0.34300000
0.01000000
0.01000000
1.54350000
-1.54350000
1.71500000
-1.71500000
0.01000000
0.51450000
-0.51450000
-0.34300000
0.68600000
-0.34300000
-0.51450000
0.34300000
0.68600000
-0.17150000
-0.51450000
0.17150000
0.01000000
0.17150000
0.34300000
-0.68600000
5.14500000
12.86250000
-0.34300000
5.65950000
-0.17150000
-0.17150000
17.49300000
-5.48800000
0.34300000
-0.17150000
-0.17150000
---------------SIDE1INPUT = 100------------------------------
0.01000000
0.01000000
0.01000000
0.01000000
0.01000000
0.01000000
0.01000000
0.01000000
0.01000000
0.01000000
0.01000000
0.01000000
0.01000000
0.01000000
0.01000000
0.01000000
0.01000000
0.01000000
0.01000000
0.01000000
0.01000000
0.01000000
0.01000000
0.01000000
0.01000000
0.01000000
0.01000000
0.01000000
0.01000000
0.01000000
0.01000000
0.01000000
0.01000000
0.01000000
0.01000000
0.01000000
0.01000000
0.01000000
0.01000000
0.01000000
0.01000000
0.01000000
0.01000000
0.01000000
0.01000000
0.01000000
0.01000000
0.01000000
0.01000000
0.01000000
0.01000000
0.01000000
0.01000000
0.01000000
0.01000000
0.01000000
0.01000000
0.01000000
0.01000000
0.01000000
0.01000000
0.01000000
0.01000000
0.01000000
0.01000000
0.01000000
0.01000000
0.01000000
0.01000000
0.01000000
0.01000000
0.01000000
0.01000000
0.01000000
0.01000000
0.01000000
0.01000000
0.01000000
0.01000000
0.01000000
0.01000000
0.01000000
0.01000000
0.01000000
0.01000000
0.01000000
0.01000000
0.01000000
0.01000000
0.01000000
0.01000000
0.01000000
0.01000000
0.01000000
0.01000000
0.01000000
0.01000000
0.01000000
0.01000000
0.01000000
---------------SIDE1INPUT = 100------------------------------
-0.34300000
-0.34300000
0.34300000
0.01000000
0.01000000
-17.49300000
-0.85750000
18.35050000
-18.17900000
0.34300000
0.01000000
16.80700000
-16.97850000
0.34300000
16.46400000
-17.32150000
0.34300000
-0.68600000
18.17900000
-18.17900000
0.01000000
0.01000000
-0.17150000
0.17150000
0.17150000
0.17150000
-0.34300000
0.17150000
0.17150000
0.17150000
-0.17150000
1.20050000
-1.02900000
-0.34300000
0.17150000
-0.51450000
18.00750000
-17.49300000
17.49300000
-17.32150000
17.15000000
-0.34300000
0.51450000
0.34300000
-18.00750000
17.66450000
0.34300000
0.85750000
0.01000000
-0.17150000
-0.17150000
-0.68600000
-18.00750000
0.17150000
17.15000000
0.01000000
0.51450000
0.01000000
-0.34300000
0.34300000
0.01000000
0.17150000
-0.34300000
-0.17150000
0.01000000
0.51450000
-0.68600000
-17.15000000
17.32150000
0.51450000
0.01000000
-17.32150000
17.15000000
-0.17150000
-0.17150000
0.34300000
-0.51450000
0.17150000
-17.66450000
18.35050000
-0.34300000
0.51450000
-0.85750000
0.34300000
-0.17150000
0.34300000
-0.51450000
0.51450000
-0.34300000
-0.17150000
0.34300000
0.17150000
0.01000000
-0.51450000
0.01000000
0.17150000
0.01000000
1.20050000
0.01000000
0.01000000
---------------SIDE1INPUT = 100------------------------------
1.54350000
-0.17150000
0.01000000
0.51450000
-0.34300000
0.17150000
0.01000000
-0.51450000
0.85750000
-1.71500000
-0.34300000
0.51450000
-0.17150000
-0.17150000
-15.94950000
-0.68600000
0.17150000
0.51450000
-0.34300000
-1.20050000
0.01000000
1.02900000
0.51450000
-0.17150000
-0.51450000
0.34300000
-0.17150000
-1.20050000
1.02900000
0.34300000
-0.17150000
0.01000000
0.17150000
0.01000000
-0.17150000
-0.85750000
-0.17150000
-0.17150000
-0.17150000
0.17150000
0.01000000
0.17150000
0.17150000
-0.51450000
0.34300000
0.01000000
0.01000000
1.02900000
0.17150000
-0.17150000
-1.20050000
1.02900000
0.51450000
0.01000000
-1.54350000
17.66450000
-17.49300000
0.01000000
-0.34300000
18.00750000
-0.17150000
-17.66450000
-0.17150000
0.51450000
17.49300000
-17.83600000
0.34300000
17.66450000
-17.49300000
17.32150000
-0.51450000
-17.32150000
18.52200000
-0.34300000
0.17150000
-0.34300000
-0.34300000
0.51450000
0.01000000
-0.17150000
0.01000000
0.01000000
-0.68600000
0.68600000
-0.34300000
1.20050000
-1.02900000
0.01000000
-0.17150000
0.01000000
1.37200000
-1.20050000
0.85750000
-0.51450000
0.17150000
-0.34300000
0.34300000
-0.68600000
0.85750000
0.85750000
