------------------------------------------------------------
104.08750000
86.42300000
86.76600000
68.24400000
68.41550000
86.08000000
68.41550000
68.58700000
68.58700000
67.90100000
69.10150000
68.58700000
68.75850000
68.24400000
68.58700000
68.24400000
68.75850000
68.58700000
86.59450000
86.08000000
85.90850000
67.55800000
68.58700000
68.75850000
68.58700000
69.27300000
85.90850000
86.42300000
85.90850000
68.24400000
68.41550000
69.27300000
68.58700000
68.75850000
68.58700000
68.41550000
68.58700000
86.42300000
86.42300000
104.25900000
85.22250000
86.08000000
86.59450000
------------------------------------------------------------
102.37250000
84.87950000
85.05100000
84.87950000
84.87950000
85.05100000
84.53650000
84.70800000
84.70800000
84.87950000
84.87950000
103.05850000
85.05100000
84.53650000
102.54400000
84.87950000
85.05100000
67.55800000
67.55800000
67.38650000
67.38650000
68.75850000
68.41550000
68.41550000
68.24400000
68.58700000
68.41550000
85.90850000
85.90850000
86.42300000
68.24400000
68.41550000
68.58700000
68.41550000
68.07250000
68.24400000
68.41550000
68.41550000
68.58700000
86.25150000
86.08000000
86.25150000
86.25150000
------------------------------------------------------------
103.23000000
103.40150000
120.89450000
103.74450000
87.28050000
86.42300000
87.10900000
86.59450000
86.93750000
86.59450000
86.59450000
68.93000000
68.75850000
68.93000000
68.93000000
68.41550000
69.10150000
86.42300000
86.93750000
86.59450000
86.93750000
86.76600000
86.59450000
68.75850000
69.10150000
68.93000000
68.75850000
86.59450000
86.76600000
86.42300000
86.42300000
86.76600000
68.93000000
68.75850000
68.75850000
68.93000000
68.93000000
68.75850000
69.27300000
68.75850000
68.93000000
86.59450000
86.76600000
86.93750000
87.28050000
86.93750000
86.59450000
86.25150000
86.42300000
87.28050000
86.59450000
86.42300000
------------------------------------------------------------
105.28800000
104.60200000
86.76600000
86.76600000
87.28050000
86.93750000
86.93750000
86.59450000
86.59450000
69.10150000
69.78750000
68.93000000
69.61600000
69.27300000
68.75850000
69.10150000
69.10150000
69.10150000
69.27300000
86.25150000
68.93000000
69.10150000
86.76600000
69.44450000
69.10150000
69.10150000
68.93000000
69.27300000
69.27300000
68.93000000
86.76600000
68.93000000
86.76600000
69.10150000
69.10150000
69.27300000
68.93000000
69.27300000
69.10150000
69.44450000
69.10150000
69.10150000
69.27300000
86.93750000
68.93000000
69.44450000
69.44450000
69.10150000
68.75850000
86.76600000
86.42300000
69.10150000
86.76600000
------------------------------------------------------------
103.91600000
104.43050000
105.45950000
104.60200000
86.59450000
86.59450000
86.59450000
86.42300000
86.59450000
86.59450000
86.42300000
86.42300000
69.27300000
86.42300000
86.93750000
86.42300000
86.76600000
69.27300000
86.42300000
86.59450000
86.42300000
86.25150000
86.59450000
86.25150000
86.76600000
86.25150000
86.42300000
86.59450000
86.76600000
69.44450000
86.93750000
67.72950000
68.93000000
68.93000000
68.75850000
86.93750000
69.10150000
86.42300000
86.25150000
86.76600000
86.42300000
86.08000000
86.42300000
86.42300000
104.77350000
86.59450000
104.25900000
104.25900000
104.08750000
86.76600000
86.93750000
86.42300000
86.42300000
86.59450000
86.59450000
------------------------------------------------------------
104.60200000
104.25900000
86.76600000
86.25150000
86.93750000
86.42300000
86.76600000
68.93000000
68.75850000
68.93000000
68.75850000
69.10150000
68.75850000
68.93000000
68.58700000
68.58700000
68.58700000
68.75850000
69.27300000
68.75850000
68.58700000
68.58700000
68.58700000
68.58700000
68.75850000
69.27300000
68.93000000
68.93000000
68.75850000
68.41550000
68.58700000
69.10150000
68.58700000
69.27300000
68.93000000
68.58700000
68.93000000
68.93000000
86.59450000
68.41550000
69.10150000
69.10150000
69.27300000
68.41550000
68.75850000
68.75850000
68.93000000
68.58700000
68.75850000
68.93000000
87.10900000
68.93000000
------------------------------------------------------------
87.10900000
87.10900000
87.10900000
87.45200000
69.78750000
86.93750000
87.28050000
87.28050000
69.61600000
87.28050000
87.10900000
69.44450000
69.44450000
86.93750000
87.10900000
69.10150000
69.44450000
69.10150000
69.10150000
69.27300000
69.44450000
69.10150000
69.44450000
86.76600000
69.44450000
69.10150000
69.10150000
69.44450000
69.78750000
87.28050000
87.28050000
87.28050000
86.93750000
87.45200000
69.61600000
87.10900000
87.45200000
87.10900000
87.62350000
86.93750000
87.28050000
86.93750000
87.10900000
86.93750000
87.28050000
86.93750000
86.76600000
86.42300000
86.76600000
86.93750000
87.10900000
86.93750000
87.10900000
86.76600000
87.10900000
87.10900000
87.10900000
86.76600000
------------------------------------------------------------
122.60950000
86.76600000
86.93750000
86.59450000
86.59450000
87.10900000
86.42300000
86.42300000
86.42300000
86.59450000
86.93750000
87.10900000
86.76600000
86.42300000
86.76600000
104.60200000
104.25900000
86.76600000
104.77350000
104.25900000
86.59450000
104.77350000
86.76600000
86.42300000
87.10900000
68.93000000
86.59450000
86.93750000
69.10150000
69.10150000
86.42300000
68.93000000
68.24400000
86.76600000
86.42300000
87.45200000
86.76600000
86.59450000
86.59450000
86.59450000
69.10150000
69.10150000
68.58700000
68.75850000
68.75850000
68.75850000
68.75850000
69.10150000
69.10150000
86.59450000
68.93000000
69.10150000
68.75850000
------------------------------------------------------------
120.89450000
103.40150000
120.89450000
103.57300000
120.89450000
105.63100000
104.60200000
104.94500000
86.76600000
87.10900000
87.28050000
86.93750000
86.76600000
86.76600000
87.10900000
86.76600000
86.93750000
87.28050000
86.76600000
86.76600000
86.93750000
87.10900000
86.93750000
87.10900000
86.59450000
87.10900000
87.10900000
87.28050000
86.93750000
87.28050000
87.10900000
86.93750000
87.10900000
86.76600000
86.93750000
86.93750000
87.28050000
86.59450000
69.10150000
68.75850000
86.59450000
86.93750000
86.59450000
87.10900000
86.76600000
87.28050000
86.76600000
86.93750000
86.76600000
87.28050000
86.93750000
86.93750000
86.42300000
86.76600000
86.93750000
87.28050000
87.10900000
87.45200000
86.93750000
86.93750000
87.10900000
86.76600000
------------------------------------------------------------
332.86850000
368.36900000
368.71200000
333.38300000
315.20400000
350.01850000
332.86850000
315.37550000
350.19000000
332.18250000
320.17750000
354.47750000
336.98450000
319.14850000
336.81300000
336.12700000
355.16350000
354.64900000
------------------------------------------------------------
104.43050000
104.08750000
86.25150000
86.59450000
86.59450000
86.76600000
86.59450000
86.25150000
86.42300000
86.59450000
68.24400000
86.25150000
68.07250000
69.27300000
68.75850000
68.75850000
68.75850000
86.42300000
68.75850000
68.75850000
68.24400000
68.75850000
68.75850000
68.75850000
86.08000000
86.08000000
68.41550000
68.41550000
68.24400000
86.42300000
68.75850000
68.58700000
86.59450000
68.93000000
68.75850000
68.93000000
68.58700000
86.08000000
86.42300000
68.93000000
68.24400000
86.76600000
68.41550000
68.24400000
68.58700000
68.58700000
86.59450000
68.24400000
68.93000000
69.10150000
68.75850000
86.42300000
68.75850000
85.90850000
85.73700000
86.08000000
------------------------------------------------------------
104.08750000
104.77350000
104.43050000
103.40150000
104.08750000
104.94500000
86.42300000
86.93750000
86.59450000
86.42300000
86.93750000
68.75850000
86.59450000
69.27300000
68.93000000
68.93000000
69.61600000
68.93000000
68.58700000
69.27300000
68.58700000
68.93000000
69.27300000
68.93000000
68.93000000
68.58700000
68.93000000
69.10150000
68.75850000
69.27300000
69.10150000
68.75850000
68.58700000
68.75850000
69.27300000
68.58700000
68.75850000
69.10150000
68.75850000
68.58700000
68.93000000
69.10150000
68.75850000
69.27300000
68.58700000
69.27300000
69.27300000
68.41550000
68.93000000
68.41550000
68.93000000
68.58700000
68.41550000
68.41550000
68.58700000
69.10150000
68.93000000
68.93000000
68.58700000
------------------------------------------------------------
103.23000000
86.76600000
85.90850000
86.76600000
86.76600000
86.76600000
86.59450000
86.76600000
68.93000000
68.58700000
68.93000000
86.25150000
86.76600000
86.76600000
69.10150000
68.75850000
69.10150000
86.76600000
69.27300000
68.75850000
68.75850000
68.93000000
68.93000000
68.93000000
69.27300000
68.93000000
68.75850000
69.27300000
69.27300000
68.93000000
68.41550000
87.10900000
68.93000000
68.93000000
68.75850000
69.10150000
69.10150000
68.93000000
68.41550000
68.75850000
68.75850000
68.93000000
68.75850000
69.27300000
68.93000000
86.42300000
69.10150000
68.75850000
68.93000000
