------------------------------------------------------------
85.90850000
85.73700000
86.76600000
87.10900000
87.10900000
86.59450000
103.23000000
85.56550000
85.56550000
86.59450000
86.76600000
86.76600000
86.42300000
85.90850000
85.56550000
104.43050000
86.76600000
86.59450000
86.59450000
85.90850000
85.73700000
85.90850000
85.73700000
87.28050000
86.93750000
104.77350000
86.93750000
86.93750000
86.59450000
86.59450000
86.93750000
86.76600000
86.59450000
86.93750000
87.10900000
86.93750000
86.76600000
86.76600000
86.93750000
85.90850000
85.22250000
103.05850000
85.90850000
85.56550000
85.73700000
85.56550000
85.73700000
85.56550000
85.39400000
85.73700000
85.56550000
86.08000000
85.90850000
85.56550000
86.25150000
86.08000000
85.39400000
85.56550000
85.73700000
85.56550000
85.73700000
85.56550000
85.22250000
85.39400000
85.56550000
85.39400000
85.73700000
69.27300000
86.76600000
68.93000000
86.59450000
68.58700000
86.93750000
86.93750000
86.93750000
68.75850000
68.75850000
87.10900000
68.93000000
68.93000000
68.75850000
68.75850000
68.93000000
69.10150000
69.10150000
68.93000000
68.75850000
68.58700000
68.93000000
68.93000000
68.75850000
69.10150000
68.75850000
68.41550000
68.41550000
68.93000000
68.58700000
68.75850000
68.75850000
68.58700000
68.93000000
68.93000000
69.44450000
69.10150000
68.75850000
68.75850000
69.10150000
68.75850000
68.75850000
68.58700000
68.93000000
68.93000000
68.58700000
68.93000000
67.90100000
69.10150000
68.93000000
68.75850000
68.75850000
68.93000000
68.93000000
69.10150000
68.75850000
68.58700000
68.24400000
69.27300000
68.75850000
68.93000000
68.75850000
68.93000000
68.58700000
69.27300000
85.90850000
68.93000000
85.56550000
68.93000000
68.75850000
69.44450000
68.58700000
68.93000000
69.10150000
68.58700000
68.58700000
68.93000000
68.58700000
69.10150000
68.93000000
69.27300000
68.75850000
87.28050000
87.62350000
87.10900000
86.76600000
86.59450000
86.93750000
68.93000000
85.56550000
93.45450000
85.73700000
85.56550000
85.56550000
85.05100000
85.56550000
85.73700000
85.73700000
85.22250000
85.90850000
85.56550000
86.59450000
87.10900000
86.93750000
86.59450000
86.93750000
86.08000000
86.59450000
86.76600000
86.59450000
86.59450000
86.59450000
86.93750000
86.76600000
86.93750000
86.59450000
86.08000000
85.90850000
85.73700000
85.56550000
85.39400000
85.39400000
85.22250000
85.90850000
85.56550000
85.90850000
85.56550000
85.56550000
86.08000000
85.73700000
85.73700000
85.56550000
85.56550000
85.73700000
86.42300000
85.39400000
86.25150000
85.56550000
86.08000000
85.56550000
85.73700000
85.39400000
85.56550000
103.05850000
85.56550000
103.23000000
103.57300000
103.40150000
103.23000000
103.23000000
103.40150000
103.23000000
------------------------------------------------------------
104.60200000
104.94500000
103.91600000
103.23000000
103.74450000
103.74450000
103.74450000
103.05850000
104.25900000
103.74450000
103.74450000
104.08750000
104.08750000
85.90850000
85.90850000
86.93750000
87.10900000
86.59450000
86.59450000
87.10900000
87.10900000
87.10900000
86.76600000
87.10900000
104.77350000
104.77350000
86.76600000
87.28050000
86.93750000
85.73700000
87.10900000
86.76600000
86.93750000
87.10900000
103.74450000
103.74450000
85.73700000
85.90850000
86.08000000
86.42300000
87.10900000
104.08750000
104.08750000
103.57300000
103.57300000
85.73700000
86.25150000
85.56550000
85.90850000
85.90850000
85.73700000
86.25150000
85.73700000
86.25150000
86.42300000
86.42300000
85.90850000
85.73700000
85.90850000
87.10900000
86.93750000
87.10900000
86.59450000
87.10900000
86.93750000
86.93750000
87.10900000
86.76600000
87.28050000
87.28050000
87.10900000
86.76600000
87.28050000
87.10900000
86.76600000
87.10900000
86.93750000
86.93750000
86.93750000
86.76600000
87.28050000
86.93750000
86.59450000
87.28050000
86.93750000
87.10900000
87.10900000
87.10900000
86.76600000
86.93750000
86.76600000
86.93750000
87.10900000
86.59450000
86.76600000
86.76600000
86.93750000
86.93750000
86.76600000
86.93750000
87.28050000
86.93750000
85.90850000
86.93750000
86.76600000
87.10900000
87.28050000
86.93750000
87.10900000
86.76600000
87.10900000
87.10900000
87.10900000
86.76600000
86.76600000
86.76600000
87.10900000
86.93750000
87.10900000
86.59450000
87.28050000
86.25150000
85.73700000
86.08000000
86.76600000
85.90850000
86.42300000
85.22250000
86.42300000
85.73700000
86.25150000
87.10900000
85.56550000
85.90850000
86.08000000
85.56550000
85.56550000
85.56550000
85.73700000
85.90850000
85.73700000
85.56550000
85.56550000
85.73700000
86.08000000
85.90850000
86.42300000
85.39400000
86.08000000
86.93750000
86.93750000
87.28050000
86.42300000
86.93750000
86.59450000
86.76600000
87.28050000
87.10900000
86.76600000
86.76600000
87.10900000
86.59450000
86.76600000
86.76600000
86.93750000
86.93750000
85.56550000
85.56550000
85.56550000
86.93750000
86.93750000
86.93750000
86.76600000
86.93750000
85.73700000
86.93750000
86.59450000
86.93750000
87.10900000
87.10900000
86.59450000
87.28050000
85.90850000
86.08000000
86.08000000
85.73700000
86.25150000
86.25150000
86.93750000
86.93750000
85.90850000
85.56550000
86.25150000
85.56550000
86.42300000
85.73700000
86.25150000
86.59450000
87.10900000
85.73700000
86.93750000
86.93750000
86.25150000
86.25150000
85.39400000
85.73700000
85.39400000
85.73700000
85.56550000
85.56550000
85.56550000
103.57300000
103.74450000
103.74450000
103.05850000
102.88700000
------------------------------------------------------------
122.78100000
------------------------------------------------------------
103.23000000
110.37525761
109.76420907
109.15856184
108.55831592
107.96347132
107.37402802
106.78998604
106.21134538
105.63810603
104.25900000
103.23000000
103.05850000
104.25900000
104.25900000
104.08750000
101.77666731
101.24663846
100.72201092
100.20278470
99.68895978
99.18053618
98.67751390
98.17989292
97.68767326
97.20085492
96.71943788
96.24342216
95.77280775
95.30759465
94.84778287
94.39337240
93.94436324
93.50075539
93.06254886
92.62974364
92.20233973
91.78033714
91.36373586
90.95253589
90.54673723
90.14633989
89.75134386
89.36174914
88.97755574
88.59876365
86.59450000
86.42300000
86.42300000
86.42300000
86.42300000
86.42300000
86.42300000
86.59450000
86.25150000
86.42300000
86.42300000
84.47456095
85.73700000
83.86281222
83.56503982
83.27266873
82.98569896
82.70413050
82.42796335
82.15719752
81.89183299
81.63186979
81.37730789
81.12814731
80.88438804
80.64603008
80.41307343
80.18551810
79.96336408
79.74661137
79.53525998
79.32930990
79.12876113
78.93361368
78.74386754
78.55952271
78.38057919
78.20703699
78.03889610
77.87615652
77.71881825
77.56688130
77.42034566
77.27921133
77.14347832
77.01314662
76.88821623
76.76868716
76.65455939
76.54583294
76.44250781
76.34458398
76.25206147
76.16494027
76.08322039
76.00690181
75.93598455
75.87046861
75.81035397
75.75564065
75.70632864
75.66241795
75.62390857
75.59080050
75.56309374
75.54078829
75.52388416
75.51238134
75.50627984
75.50557965
75.51028076
75.52038320
75.53588694
75.55679200
75.58309837
75.61480606
75.65191505
75.69442536
75.74233699
75.79564992
75.85436417
75.91847973
75.98799660
76.06291479
76.14323429
76.22895510
76.32007723
76.41660067
76.51852542
76.62585148
76.73857886
76.85670755
76.98023755
77.10916886
77.24350149
77.38323543
77.52837069
77.67890725
77.83484513
77.99618432
78.16292483
78.33506665
78.51260978
78.69555422
78.88389998
79.07764705
79.27679543
79.48134512
79.69129613
79.90664845
80.12740208
80.35355703
80.58511329
80.82207086
81.06442975
81.31218994
81.56535145
81.82391428
82.08787841
82.35724386
82.63201062
82.91217870
83.19774808
85.22250000
83.78509080
84.08686412
86.08000000
85.73700000
86.59450000
87.28050000
86.76600000
86.93750000
85.73700000
86.25150000
85.73700000
85.56550000
87.76285735
86.25150000
88.50143683
88.87882853
89.26162155
89.64981588
90.04341152
90.44240848
90.84680675
91.25660633
91.67180723
92.09240944
92.51841296
92.94981779
93.38662394
93.82883140
94.27644017
94.72945026
95.18786165
95.65167436
96.12088839
96.59550372
97.07552037
97.56093834
98.05175761
98.54797820
99.04960010
99.55662331
100.06904784
100.58687368
101.11010083
101.63872930
102.17275907
104.43050000
104.08750000
104.25900000
104.36289131
104.43050000
104.60200000
104.08750000
106.63944456
107.22208615
107.81012906
108.40357327
109.00241881
------------------------------------------------------------
103.40150000
103.05850000
102.88700000
103.57300000
103.23000000
103.05850000
101.02723270
100.74957087
102.88700000
100.20130875
99.93070846
103.05850000
103.40150000
92.08250000
103.23000000
103.23000000
103.57300000
102.71550000
103.23000000
102.88700000
97.35416698
102.71550000
102.88700000
102.88700000
102.88700000
103.23000000
103.23000000
103.40150000
102.88700000
102.71550000
103.05850000
103.05850000
103.05850000
103.23000000
102.88700000
103.57300000
103.23000000
86.93750000
87.62350000
87.10900000
86.76600000
86.76600000
92.51432900
92.32140557
85.73700000
85.39400000
85.39400000
85.56550000
85.22250000
86.08000000
85.22250000
91.91100000
85.90850000
87.10900000
86.59450000
86.93750000
85.56550000
87.45200000
86.76600000
86.93750000
86.25150000
86.93750000
85.39400000
90.88200000
86.93750000
87.28050000
85.39400000
91.73950000
85.73700000
90.71050000
85.56550000
87.28050000
86.59450000
86.59450000
86.76600000
86.25150000
86.59450000
86.93750000
86.76600000
86.42300000
86.59450000
86.42300000
86.76600000
86.59450000
86.76600000
86.59450000
87.10900000
86.16308101
86.59450000
85.99143401
86.59450000
85.82920240
86.93750000
86.59450000
86.76600000
86.08000000
86.59450000
86.42300000
86.25150000
86.76600000
85.56550000
85.56550000
85.22250000
85.39400000
85.22250000
85.22250000
85.56550000
85.39400000
85.22250000
85.39400000
85.39400000
85.22250000
85.05100000
85.22250000
85.56550000
85.39400000
85.22250000
85.05100000
85.39400000
85.56550000
85.05100000
85.05100000
85.39400000
85.39400000
85.22250000
85.39400000
85.22250000
85.05100000
84.87950000
85.39400000
85.22250000
85.05100000
84.87950000
85.39400000
85.05100000
85.39400000
85.22250000
85.39400000
85.56550000
86.59450000
87.10900000
86.93750000
86.93750000
86.93750000
86.93750000
86.42300000
86.42300000
86.59450000
86.76600000
86.76600000
87.10900000
86.42300000
86.76600000
86.42300000
86.42300000
85.39400000
86.76600000
86.42300000
87.10900000
86.93750000
84.87950000
87.10900000
85.22250000
85.90850000
86.35139773
85.73700000
85.39400000
86.64119609
91.39650000
85.22250000
91.05350000
85.73700000
91.22500000
87.28434661
91.39650000
85.39400000
90.71050000
85.39400000
85.22250000
85.22250000
85.05100000
85.90850000
85.22250000
88.54457170
85.56550000
85.90850000
85.56550000
85.73700000
85.22250000
85.22250000
86.08000000
85.73700000
85.39400000
85.56550000
85.05100000
85.56550000
85.39400000
85.73700000
85.39400000
85.39400000
85.39400000
85.22250000
91.05350000
85.73700000
85.56550000
86.93750000
86.42300000
85.56550000
85.39400000
92.92275618
93.12292479
93.32544724
93.53032355
93.73755369
------------------------------------------------------------
104.77350000
103.23000000
103.40150000
104.43050000
104.43050000
102.71550000
103.23000000
104.94500000
104.94500000
104.43050000
103.23000000
103.05850000
103.74450000
103.23000000
103.57300000
103.23000000
102.88700000
103.05850000
103.23000000
103.74450000
85.73700000
85.39400000
85.73700000
85.73700000
85.56550000
85.56550000
103.23000000
85.90850000
85.73700000
85.39400000
85.56550000
85.39400000
85.90850000
85.56550000
87.45200000
87.45200000
87.62350000
87.10900000
87.10900000
87.10900000
86.76600000
86.93750000
87.10900000
87.10900000
87.28050000
87.28050000
87.62350000
86.93750000
86.76600000
86.76600000
87.45200000
86.76600000
87.10900000
86.76600000
87.10900000
86.59450000
87.10900000
86.59450000
86.93750000
86.76600000
87.10900000
86.76600000
87.45200000
87.10900000
86.93750000
86.59450000
87.28050000
86.76600000
87.45200000
86.76600000
86.59450000
86.59450000
86.76600000
86.93750000
86.93750000
87.10900000
84.00857320
87.10900000
86.93750000
85.56550000
85.05100000
85.73700000
83.24764662
83.12887098
83.01239404
86.42300000
82.78633626
87.10900000
87.10900000
82.46448984
87.28050000
87.45200000
87.45200000
86.93750000
87.28050000
86.76600000
86.93750000
81.70737559
81.62308047
81.54108404
87.28050000
86.76600000
81.30888697
87.10900000
86.76600000
81.09737821
81.03147269
87.10900000
87.45200000
86.76600000
87.28050000
87.45200000
87.10900000
86.93750000
87.10900000
86.59450000
87.10900000
80.45822627
87.45200000
86.76600000
80.35015906
86.93750000
80.28960776
80.26278017
85.56550000
85.56550000
80.19608958
85.39400000
86.93750000
80.15008730
80.13935061
85.90850000
80.12477333
87.28050000
85.90850000
85.73700000
80.12320318
85.73700000
85.39400000
85.73700000
80.15841226
80.17296128
80.18980900
87.45200000
80.23040055
80.25414437
80.28018690
86.93750000
80.33916806
87.10900000
80.40734402
87.28050000
80.48471479
87.10900000
87.45200000
87.28050000
87.28050000
86.93750000
87.10900000
86.76600000
87.10900000
86.76600000
87.79500000
86.59450000
87.10900000
86.93750000
87.28050000
86.59450000
86.93750000
86.93750000
86.93750000
87.10900000
87.10900000
86.76600000
87.45200000
86.59450000
87.45200000
85.22250000
87.10900000
86.42300000
87.28050000
86.59450000
87.45200000
87.10900000
86.93750000
86.76600000
87.45200000
86.93750000
87.10900000
84.87950000
85.56550000
85.39400000
85.22250000
85.22250000
85.56550000
85.56550000
85.56550000
85.39400000
85.39400000
85.73700000
85.22250000
85.22250000
85.56550000
85.73700000
85.39400000
86.08000000
86.08000000
85.22250000
85.73700000
85.73700000
85.39400000
85.22250000
85.05100000
85.56550000
85.39400000
85.05100000
85.39400000
85.56550000
85.05100000
85.39400000
84.87950000
85.22250000
85.39400000
85.39400000
85.05100000
85.22250000
85.39400000
85.73700000
85.39400000
85.05100000
85.22250000
85.05100000
85.22250000
85.22250000
85.39400000
85.22250000
85.39400000
85.39400000
85.56550000
85.05100000
85.22250000
85.05100000
85.05100000
85.39400000
84.70800000
85.05100000
85.22250000
102.88700000
85.39400000
103.05850000
85.56550000
103.57300000
103.23000000
103.05850000
102.54400000
103.40150000
103.23000000
103.40150000
103.23000000
102.54400000
103.74450000
103.23000000
103.40150000
103.05850000
103.74450000
102.71550000
103.40150000
103.05850000
102.54400000
103.57300000
103.23000000
103.23000000
103.23000000
103.05850000
103.40150000
103.23000000
104.94500000
104.60200000
104.43050000
104.60200000
104.94500000
104.60200000
104.77350000
104.94500000
104.77350000
104.77350000
104.77350000
104.94500000
------------------------------------------------------------
496.99400000
497.50850000
------------------------------------------------------------
103.91600000
103.57300000
103.57300000
104.08750000
103.91600000
91.73950000
103.91600000
91.56800000
91.56800000
91.56800000
91.56800000
91.56800000
87.45200000
87.10900000
86.25150000
87.45200000
87.45200000
87.10900000
86.25150000
86.25150000
85.90850000
85.90850000
85.90850000
85.90850000
85.90850000
86.59450000
86.08000000
86.08000000
85.90850000
85.39400000
85.90850000
85.90850000
85.56550000
85.56550000
85.73700000
86.25150000
85.39400000
87.79500000
85.73700000
85.73700000
87.28050000
87.10900000
86.76600000
86.93750000
85.90850000
87.62350000
87.28050000
87.28050000
86.59450000
85.90850000
86.08000000
86.93750000
87.45200000
87.10900000
87.45200000
87.10900000
87.10900000
85.73700000
86.08000000
86.42300000
85.90850000
85.90850000
85.90850000
86.25150000
85.56550000
85.56550000
85.90850000
85.90850000
85.73700000
86.08000000
85.73700000
85.90850000
85.73700000
86.08000000
85.56550000
85.73700000
86.25150000
85.73700000
85.90850000
85.56550000
85.56550000
86.08000000
86.08000000
85.73700000
86.25150000
86.08000000
85.73700000
86.08000000
86.08000000
86.08000000
86.93750000
86.93750000
86.76600000
86.76600000
86.76600000
86.76600000
87.28050000
87.28050000
87.28050000
86.93750000
86.93750000
86.93750000
86.93750000
86.93750000
86.93750000
86.76600000
86.76600000
86.76600000
86.76600000
86.76600000
69.61600000
69.61600000
69.78750000
87.28050000
87.62350000
87.10900000
87.10900000
87.10900000
69.95900000
69.95900000
70.30200000
70.30200000
69.44450000
86.76600000
87.45200000
69.61600000
87.28050000
86.93750000
87.28050000
87.28050000
86.08000000
86.08000000
86.08000000
86.08000000
86.08000000
86.08000000
86.08000000
86.08000000
86.08000000
86.08000000
68.93000000
68.93000000
85.56550000
85.56550000
86.08000000
86.08000000
85.90850000
85.39400000
85.39400000
85.39400000
85.39400000
85.39400000
85.39400000
85.73700000
85.73700000
85.90850000
85.22250000
86.08000000
85.90850000
85.56550000
85.56550000
85.73700000
85.39400000
85.73700000
86.25150000
86.25150000
85.73700000
85.73700000
85.90850000
85.56550000
85.39400000
85.56550000
87.96650000
87.10900000
87.45200000
85.73700000
85.73700000
87.28050000
85.90850000
87.45200000
85.73700000
85.90850000
87.45200000
87.79500000
87.10900000
87.10900000
87.45200000
86.08000000
86.25150000
87.45200000
87.28050000
87.45200000
87.28050000
87.28050000
87.10900000
87.62350000
87.28050000
87.62350000
85.73700000
87.28050000
87.10900000
87.10900000
87.10900000
87.28050000
85.56550000
86.93750000
87.10900000
86.93750000
86.76600000
87.45200000
87.10900000
87.28050000
86.76600000
86.93750000
85.56550000
86.93750000
85.90850000
85.90850000
85.90850000
86.08000000
85.73700000
85.90850000
86.08000000
85.73700000
85.90850000
85.73700000
85.90850000
86.25150000
86.08000000
86.42300000
85.56550000
85.22250000
85.56550000
86.25150000
85.56550000
85.56550000
85.73700000
85.90850000
85.73700000
87.79500000
86.25150000
87.28050000
86.76600000
85.90850000
87.28050000
87.10900000
87.45200000
86.93750000
86.93750000
87.10900000
87.10900000
87.45200000
87.10900000
86.93750000
87.28050000
86.93750000
87.10900000
86.93750000
87.10900000
86.59450000
86.59450000
85.90850000
87.28050000
87.10900000
86.59450000
87.10900000
87.10900000
85.73700000
87.28050000
86.93750000
85.56550000
87.45200000
87.28050000
85.90850000
103.05850000
87.45200000
87.10900000
86.93750000
103.91600000
103.40150000
103.74450000
103.57300000
103.23000000
103.57300000
104.08750000
103.40150000
103.57300000
103.40150000
103.57300000
103.57300000
103.05850000
103.05850000
103.05850000
103.57300000
103.91600000
104.43050000
104.43050000
103.57300000
103.57300000
103.74450000
103.74450000
103.23000000
103.23000000
103.40150000
103.91600000
103.74450000
103.57300000
103.23000000
104.08750000
103.74450000
103.57300000
------------------------------------------------------------
612.41350000
612.41350000
------------------------------------------------------------
104.77350000
104.25900000
103.23000000
103.23000000
104.43050000
104.25900000
104.08750000
104.25900000
103.23000000
104.60200000
103.91600000
86.42300000
85.73700000
86.76600000
86.25150000
86.08000000
85.22250000
85.90850000
85.05100000
85.39400000
85.39400000
102.54400000
102.54400000
85.56550000
85.22250000
85.22250000
85.22250000
88.30950000
86.42300000
85.56550000
85.90850000
86.76600000
86.08000000
88.48100000
85.22250000
85.56550000
85.39400000
85.56550000
85.73700000
86.76600000
86.25150000
85.22250000
85.90850000
85.73700000
85.73700000
86.59450000
86.42300000
86.08000000
86.42300000
86.25150000
86.42300000
86.76600000
86.59450000
86.08000000
86.42300000
86.42300000
86.25150000
86.59450000
86.59450000
86.08000000
86.42300000
86.42300000
85.90850000
86.59450000
85.73700000
85.39400000
85.73700000
85.22250000
86.42300000
86.42300000
85.73700000
85.39400000
85.22250000
85.73700000
85.22250000
86.42300000
86.93750000
85.39400000
85.39400000
85.90850000
85.22250000
86.59450000
86.42300000
85.22250000
85.56550000
85.39400000
85.39400000
85.90850000
85.39400000
86.25150000
86.25150000
85.73700000
85.73700000
86.76600000
86.42300000
85.73700000
85.56550000
85.22250000
86.59450000
86.59450000
85.56550000
85.90850000
86.08000000
85.39400000
85.56550000
86.08000000
86.59450000
85.56550000
85.73700000
86.25150000
86.76600000
85.90850000
86.42300000
86.25150000
85.73700000
85.73700000
86.25150000
86.25150000
86.42300000
86.76600000
86.25150000
86.42300000
85.90850000
86.59450000
86.42300000
86.76600000
86.42300000
86.25150000
86.59450000
86.42300000
86.59450000
86.08000000
86.08000000
85.90850000
86.93750000
86.25150000
86.42300000
86.25150000
86.42300000
86.76600000
86.08000000
86.25150000
85.90850000
86.42300000
86.42300000
86.25150000
86.25150000
86.59450000
86.42300000
86.42300000
86.25150000
86.42300000
86.25150000
86.25150000
86.25150000
86.42300000
86.25150000
86.25150000
86.76600000
86.42300000
86.76600000
104.08750000
86.42300000
86.25150000
86.42300000
104.77350000
104.08750000
86.42300000
104.25900000
104.43050000
104.08750000
104.43050000
104.08750000
103.91600000
103.91600000
104.25900000
104.43050000
104.25900000
104.43050000
104.43050000
104.25900000
103.05850000
104.94500000
104.43050000
104.25900000
104.25900000
103.40150000
104.43050000
103.23000000
104.43050000
104.08750000
104.43050000
104.08750000
104.77350000
------------------------------------------------------------
104.60200000
104.60200000
104.94500000
103.91600000
105.11650000
104.60200000
105.45950000
104.94500000
105.63100000
104.94500000
105.45950000
105.45950000
86.76600000
104.77350000
86.93750000
87.10900000
104.25900000
103.05850000
104.77350000
104.43050000
86.59450000
86.76600000
86.93750000
86.93750000
86.42300000
86.76600000
86.93750000
87.28050000
86.59450000
87.28050000
86.25150000
87.10900000
87.45200000
86.76600000
86.59450000
86.93750000
86.59450000
86.59450000
86.42300000
86.59450000
87.10900000
85.73700000
85.56550000
86.76600000
86.93750000
86.93750000
86.76600000
86.76600000
86.59450000
86.76600000
86.59450000
87.10900000
86.76600000
86.59450000
86.93750000
86.76600000
86.93750000
86.59450000
87.10900000
86.93750000
86.59450000
86.42300000
86.59450000
87.10900000
86.42300000
86.59450000
86.42300000
86.42300000
86.59450000
87.10900000
86.76600000
86.76600000
86.76600000
86.76600000
86.42300000
85.39400000
86.08000000
85.90850000
85.73700000
85.90850000
86.08000000
85.90850000
85.39400000
86.08000000
85.39400000
85.90850000
85.73700000
85.90850000
86.42300000
85.73700000
85.73700000
86.25150000
85.73700000
85.56550000
85.73700000
85.05100000
84.87950000
86.08000000
86.25150000
85.39400000
85.56550000
85.56550000
85.73700000
85.73700000
85.90850000
86.08000000
86.08000000
85.90850000
85.73700000
85.56550000
85.90850000
85.39400000
85.90850000
85.73700000
85.73700000
85.56550000
86.42300000
85.73700000
85.90850000
85.56550000
85.73700000
86.59450000
85.90850000
86.25150000
85.73700000
85.56550000
86.25150000
85.56550000
86.08000000
86.25150000
85.56550000
85.39400000
86.25150000
85.73700000
85.73700000
85.90850000
85.73700000
85.73700000
85.56550000
85.90850000
86.08000000
86.08000000
86.25150000
86.08000000
86.25150000
86.25150000
86.08000000
85.73700000
85.73700000
86.08000000
85.39400000
86.08000000
85.73700000
86.08000000
85.73700000
85.39400000
85.90850000
85.90850000
87.10900000
87.10900000
87.10900000
86.93750000
86.76600000
87.10900000
86.08000000
85.90850000
87.45200000
86.93750000
85.90850000
85.39400000
86.08000000
85.56550000
85.73700000
86.76600000
86.59450000
86.93750000
86.59450000
86.59450000
86.25150000
85.56550000
85.56550000
86.93750000
85.90850000
87.10900000
86.93750000
85.73700000
86.59450000
85.56550000
86.59450000
86.59450000
86.76600000
86.59450000
86.59450000
86.42300000
86.76600000
86.76600000
87.45200000
85.73700000
85.90850000
86.25150000
85.90850000
85.90850000
85.90850000
86.42300000
85.39400000
85.90850000
85.39400000
87.45200000
86.59450000
86.76600000
86.59450000
86.76600000
86.93750000
87.10900000
86.59450000
86.93750000
86.93750000
85.73700000
86.42300000
85.73700000
85.73700000
85.39400000
85.73700000
85.56550000
85.90850000
85.73700000
85.56550000
85.56550000
85.73700000
85.90850000
85.90850000
85.90850000
103.74450000
86.08000000
85.56550000
103.74450000
103.40150000
86.59450000
103.40150000
102.88700000
103.05850000
103.57300000
103.05850000
102.88700000
103.74450000
103.23000000
102.71550000
103.57300000
102.88700000
103.23000000
103.40150000
103.23000000
103.05850000
103.40150000
102.88700000
103.40150000
102.71550000
103.40150000
104.77350000
104.77350000
104.77350000
104.25900000
104.43050000
103.05850000
104.77350000
103.23000000
103.74450000
103.40150000
103.74450000
103.05850000
103.57300000
103.57300000
103.57300000
103.74450000
103.23000000
103.57300000
102.88700000
103.40150000
103.91600000
103.57300000
103.05850000
103.57300000
102.71550000
103.05850000
103.40150000
103.40150000
103.05850000
104.77350000
------------------------------------------------------------
120.38000000
121.23750000
121.23750000
122.26650000
122.78100000
122.78100000
122.78100000
122.78100000
122.78100000
122.60950000
122.78100000
122.78100000
122.60950000
123.12400000
123.12400000
123.29550000
123.12400000
122.60950000
122.60950000
122.95250000
122.95250000
122.78100000
122.78100000
122.78100000
122.43800000
122.60950000
122.43800000
105.11650000
104.60200000
104.43050000
120.72300000
104.25900000
104.77350000
122.60950000
121.40900000
121.40900000
121.75200000
121.75200000
104.77350000
104.77350000
104.60200000
104.60200000
104.60200000
105.11650000
103.57300000
103.40150000
103.57300000
103.40150000
121.06600000
103.23000000
121.23750000
121.23750000
103.57300000
103.40150000
103.57300000
103.40150000
120.89450000
120.72300000
120.72300000
103.74450000
103.74450000
103.74450000
120.55150000
103.23000000
103.23000000
103.23000000
103.91600000
103.91600000
103.23000000
104.77350000
104.77350000
103.40150000
105.28800000
104.94500000
104.43050000
104.43050000
104.25900000
104.43050000
104.77350000
105.11650000
104.25900000
104.25900000
104.77350000
104.43050000
103.74450000
103.74450000
104.08750000
120.55150000
120.55150000
120.55150000
120.72300000
103.57300000
103.57300000
103.57300000
103.57300000
120.89450000
120.89450000
120.72300000
120.55150000
120.89450000
121.06600000
103.74450000
120.72300000
120.72300000
103.74450000
103.23000000
121.40900000
103.23000000
104.08750000
103.74450000
103.23000000
121.06600000
121.23750000
121.06600000
103.57300000
103.91600000
121.40900000
121.23750000
120.72300000
120.72300000
104.77350000
104.60200000
104.94500000
104.77350000
120.72300000
121.06600000
120.55150000
121.40900000
120.89450000
121.06600000
121.23750000
121.23750000
121.23750000
121.23750000
120.89450000
121.40900000
121.23750000
120.89450000
121.23750000
121.23750000
120.38000000
121.06600000
121.06600000
121.06600000
120.72300000
120.55150000
120.89450000
120.89450000
120.89450000
122.60950000
