---------------SIDE1INPUT = 10------------------------------
158.79600000
140.44550000
104.77350000
86.93750000
86.93750000
86.76600000
86.76600000
86.59450000
86.42300000
86.76600000
68.93000000
86.76600000
86.59450000
69.10150000
68.58700000
69.27300000
69.27300000
69.10150000
69.27300000
69.27300000
68.93000000
69.27300000
68.41550000
69.27300000
69.27300000
68.75850000
68.93000000
68.93000000
68.75850000
69.27300000
68.93000000
68.93000000
68.75850000
68.93000000
69.10150000
69.10150000
69.10150000
68.93000000
68.58700000
68.75850000
68.75850000
69.78750000
69.27300000
69.10150000
69.27300000
86.42300000
69.27300000
68.41550000
68.93000000
69.10150000
69.10150000
69.10150000
68.93000000
68.93000000
69.44450000
68.75850000
68.75850000
68.93000000
68.75850000
68.93000000
68.75850000
68.93000000
69.27300000
68.93000000
68.93000000
86.93750000
69.10150000
