

50.57950000
50.23650000
50.75100000
69.10150000
50.75100000
68.75850000
68.58700000
68.58700000
68.75850000
50.75100000
50.75100000
50.75100000
50.92250000
50.57950000
50.75100000
50.57950000
50.92250000
50.57950000
50.92250000
50.57950000
50.75100000
50.40800000
50.75100000
50.57950000
50.75100000
50.57950000
50.57950000
50.75100000
50.57950000
50.92250000
50.75100000
50.57950000
50.92250000
50.06500000
50.57950000
50.92250000
50.75100000
50.75100000
50.75100000
50.75100000
50.75100000
50.75100000
50.40800000
50.75100000
50.57950000
50.75100000
50.92250000
51.09400000
33.08650000
---------------SIDE1INPUT = 150------------------------------
69.27300000
85.73700000
85.39400000
67.72950000
67.90100000
85.39400000
69.27300000
68.24400000
68.93000000
68.41550000
50.57950000
68.24400000
50.92250000
50.75100000
50.92250000
51.43700000
68.58700000
50.92250000
50.75100000
50.75100000
51.26550000
50.75100000
50.75100000
50.57950000
50.92250000
51.09400000
50.92250000
51.09400000
50.92250000
50.92250000
51.09400000
51.09400000
50.92250000
51.26550000
51.26550000
50.92250000
50.92250000
50.75100000
50.92250000
51.09400000
51.26550000
51.26550000
50.92250000
51.43700000
51.60850000
51.26550000
51.26550000
51.09400000
50.57950000
---------------SIDE1INPUT = 150------------------------------
51.09400000
68.24400000
67.90100000
50.06500000
67.72950000
50.57950000
51.09400000
51.09400000
50.92250000
51.09400000
50.92250000
50.92250000
50.92250000
51.09400000
51.26550000
50.75100000
50.92250000
50.92250000
51.09400000
50.75100000
51.09400000
50.92250000
51.26550000
50.75100000
50.92250000
51.09400000
51.43700000
51.09400000
51.09400000
51.26550000
51.09400000
50.92250000
50.92250000
50.92250000
51.09400000
51.09400000
50.92250000
51.09400000
50.92250000
50.92250000
33.08650000
51.09400000
50.92250000
50.75100000
50.92250000
50.92250000
33.08650000
32.91500000
51.09400000
---------------SIDE1INPUT = 100------------------------------
68.58700000
67.72950000
68.93000000
68.93000000
68.93000000
68.75850000
68.58700000
68.58700000
68.58700000
68.93000000
68.75850000
68.58700000
50.75100000
51.09400000
50.92250000
50.92250000
68.93000000
68.93000000
68.58700000
68.58700000
68.41550000
68.41550000
50.92250000
50.75100000
68.93000000
50.92250000
68.24400000
50.57950000
50.92250000
68.58700000
50.92250000
50.92250000
50.40800000
---------------SIDE1INPUT = 100------------------------------
50.06500000
67.55800000
67.72950000
68.58700000
68.41550000
69.10150000
68.41550000
68.58700000
68.07250000
50.92250000
50.57950000
50.75100000
50.75100000
50.75100000
50.57950000
50.92250000
50.75100000
68.41550000
68.58700000
50.75100000
68.41550000
68.07250000
50.75100000
50.92250000
50.75100000
50.92250000
50.57950000
50.92250000
50.57950000
50.92250000
50.92250000
49.72200000
50.75100000
---------------SIDE1INPUT = 100------------------------------
122.78100000
86.59450000
122.26650000
86.59450000
68.93000000
86.25150000
86.76600000
68.93000000
86.42300000
68.58700000
68.58700000
50.92250000
68.41550000
50.92250000
67.90100000
67.90100000
50.06500000
50.06500000
50.06500000
50.23650000
50.06500000
50.06500000
50.40800000
50.06500000
49.89350000
50.06500000
50.23650000
50.23650000
49.72200000
50.23650000
50.23650000
50.57950000
49.89350000
50.06500000
50.23650000
50.23650000
50.40800000
50.40800000
50.23650000
49.89350000
51.26550000
50.75100000
50.75100000
51.09400000
50.92250000
---------------SIDE1INPUT = 100------------------------------
---------------SIDE1INPUT = 100------------------------------
51.43700000
50.92250000
50.57950000
51.09400000
50.75100000
68.58700000
---------------SIDE1INPUT = 100------------------------------
---------------SIDE1INPUT = 100------------------------------
50.23650000
50.06500000
50.75100000
50.92250000
50.92250000
50.92250000
68.07250000
67.38650000
67.72950000
50.06500000
67.38650000
67.21500000
50.06500000
50.06500000
50.06500000
49.89350000
50.06500000
50.40800000
50.23650000
50.06500000
50.23650000
50.06500000
---------------SIDE1INPUT = 100------------------------------
---------------SIDE1INPUT = 100------------------------------
50.92250000
50.06500000
50.92250000
51.09400000
50.92250000
50.75100000
50.92250000
50.92250000
51.09400000
51.09400000
50.75100000
50.92250000
50.92250000
50.92250000
51.26550000
50.75100000
51.09400000
50.92250000
51.09400000
50.92250000
51.09400000
50.92250000
50.92250000
50.57950000
50.92250000
50.92250000
50.92250000
50.92250000
50.92250000
50.40800000
49.72200000
49.72200000
49.89350000
50.06500000
---------------SIDE1INPUT = 100------------------------------
33.08650000
50.57950000
51.09400000
50.57950000
50.40800000
50.57950000
50.57950000
50.75100000
50.75100000
50.57950000
50.92250000
50.57950000
50.57950000
50.57950000
51.09400000
50.40800000
50.92250000
50.92250000
50.57950000
50.75100000
49.89350000
50.75100000
50.57950000
50.57950000
50.40800000
50.57950000
50.92250000
50.23650000
50.57950000
50.57950000
50.57950000
50.57950000
50.40800000
50.75100000
50.40800000
32.91500000
50.75100000
50.40800000
33.08650000
50.57950000
50.57950000
50.57950000
---------------SIDE1INPUT = 100------------------------------
---------------SIDE1INPUT = 100------------------------------
69.10150000
87.10900000
104.77350000
86.76600000
86.59450000
86.25150000
85.90850000
86.42300000
86.08000000
86.93750000
86.42300000
68.75850000
68.07250000
68.75850000
68.41550000
69.10150000
86.93750000
68.75850000
68.75850000
68.58700000
---------------SIDE1INPUT = 100------------------------------
106.31700000
85.73700000
88.30950000
88.48100000
70.13050000
70.30200000
88.30950000
70.30200000
70.30200000
70.98800000
88.48100000
70.47350000
89.16700000
70.30200000
70.47350000
85.05100000
67.55800000
85.05100000
94.14050000
---------------SIDE1INPUT = 100------------------------------
68.58700000
68.07250000
67.55800000
69.10150000
50.23650000
68.07250000
68.24400000
68.93000000
68.58700000
68.41550000
50.75100000
68.24400000
50.57950000
68.58700000
50.57950000
50.75100000
50.57950000
50.92250000
50.92250000
50.92250000
50.75100000
50.57950000
50.57950000
50.57950000
---------------SIDE1INPUT = 100------------------------------
104.60200000
103.23000000
102.88700000
104.08750000
103.74450000
86.08000000
122.09500000
122.26650000
86.59450000
86.25150000
1255.02400000
86.25150000
85.90850000
86.08000000
86.59450000
86.42300000
86.76600000
104.60200000
68.75850000
68.75850000
68.41550000
68.93000000
68.24400000
68.41550000
86.25150000
86.42300000
---------------SIDE1INPUT = 100------------------------------
85.90850000
67.55800000
86.76600000
104.25900000
86.59450000
86.76600000
86.42300000
69.10150000
50.92250000
68.41550000
69.10150000
69.27300000
68.93000000
50.75100000
50.75100000
50.92250000
50.75100000
51.09400000
50.92250000
50.57950000
50.92250000
50.92250000
50.92250000
51.26550000
50.75100000
50.92250000
50.75100000
50.92250000
50.57950000
50.92250000
50.92250000
50.92250000
50.92250000
51.09400000
50.92250000
50.75100000
51.26550000
50.92250000
50.57950000
51.09400000
50.57950000
50.92250000
50.57950000
50.92250000
50.92250000
51.09400000
50.75100000
50.75100000
50.57950000
50.92250000
50.92250000
33.08650000
50.75100000
---------------SIDE1INPUT = 100------------------------------
---------------SIDE1INPUT = 100------------------------------
50.92250000
68.58700000
68.41550000
67.72950000
85.39400000
85.22250000
67.90100000
67.55800000
50.40800000
49.89350000
50.23650000
49.89350000
50.06500000
50.06500000
50.23650000
49.89350000
50.06500000
50.06500000
49.89350000
49.89350000
50.06500000
49.89350000
50.06500000
49.89350000
50.06500000
49.89350000
50.23650000
50.06500000
49.89350000
50.06500000
50.06500000
50.06500000
50.23650000
49.89350000
49.89350000
49.89350000
50.23650000
50.06500000
49.89350000
50.06500000
49.72200000
49.89350000
49.89350000
49.89350000
49.89350000
50.06500000
49.89350000
49.55050000
50.06500000
49.89350000
---------------SIDE1INPUT = 100------------------------------
68.75850000
68.58700000
68.41550000
68.75850000
68.58700000
67.90100000
68.93000000
68.24400000
68.75850000
68.58700000
50.75100000
68.58700000
50.75100000
50.75100000
50.92250000
50.92250000
51.09400000
50.75100000
50.75100000
51.09400000
50.92250000
50.92250000
68.93000000
50.75100000
50.57950000
50.92250000
68.58700000
50.75100000
50.92250000
50.92250000
50.92250000
50.92250000
50.75100000
51.09400000
51.09400000
50.57950000
50.92250000
50.92250000
50.57950000
51.09400000
50.92250000
50.75100000
50.92250000
50.92250000
50.92250000
50.92250000
50.92250000
33.25800000
33.08650000
