---------------SIDE1INPUT = 100------------------------------
155.02300000
137.35850000
128.78350000
128.95500000
120.20850000
121.92350000
121.58050000
140.10250000
139.93100000
121.75200000
121.92350000
119.86550000
120.38000000
120.20850000
120.38000000
102.71550000
102.71550000
102.54400000
119.69400000
119.69400000
102.37250000
102.54400000
102.20100000
102.88700000
102.54400000
102.54400000
102.71550000
103.05850000
104.25900000
102.71550000
102.37250000
103.57300000
103.91600000
86.08000000
85.90850000
85.90850000
104.08750000
102.88700000
102.37250000
85.05100000
103.05850000
85.05100000
86.42300000
86.08000000
86.25150000
86.08000000
86.25150000
86.59450000
86.25150000
86.42300000
86.25150000
84.70800000
86.76600000
86.42300000
86.25150000
86.25150000
85.90850000
86.25150000
86.25150000
86.25150000
85.90850000
86.59450000
85.90850000
84.87950000
85.73700000
85.05100000
85.22250000
85.22250000
85.22250000
85.22250000
84.87950000
85.05100000
85.05100000
84.87950000
85.22250000
84.53650000
85.39400000
68.07250000
85.39400000
85.39400000
84.87950000
85.22250000
84.70800000
67.55800000
85.22250000
85.22250000
85.90850000
84.87950000
85.39400000
85.39400000
85.05100000
84.87950000
85.05100000
85.05100000
85.05100000
85.05100000
67.55800000
84.87950000
85.05100000
85.05100000
67.55800000
84.87950000
85.73700000
84.87950000
85.39400000
84.87950000
84.70800000
85.39400000
85.22250000
85.56550000
68.07250000
85.05100000
85.22250000
84.87950000
68.58700000
84.70800000
86.08000000
67.90100000
85.39400000
85.22250000
85.22250000
85.22250000
85.39400000
85.39400000
85.39400000
85.05100000
85.05100000
85.56550000
85.05100000
85.39400000
85.56550000
85.22250000
85.05100000
85.22250000
85.22250000
85.22250000
85.22250000
85.39400000
85.22250000
67.21500000
67.72950000
84.87950000
85.22250000
67.90100000
84.87950000
67.90100000
84.87950000
85.56550000
85.05100000
85.05100000
85.56550000
85.05100000
85.22250000
85.39400000
85.90850000
85.22250000
85.56550000
85.39400000
85.22250000
85.39400000
85.05100000
85.22250000
85.39400000
85.22250000
85.39400000
85.05100000
85.05100000
85.39400000
85.05100000
85.05100000
85.73700000
85.05100000
84.87950000
85.56550000
85.22250000
85.22250000
85.05100000
85.22250000
85.39400000
85.56550000
85.56550000
85.05100000
85.05100000
85.22250000
85.22250000
85.73700000
85.05100000
85.22250000
85.39400000
85.39400000
85.22250000
84.36500000
85.22250000
85.22250000
85.39400000
85.05100000
86.59450000
86.25150000
86.25150000
86.42300000
86.08000000
86.08000000
86.08000000
86.25150000
86.25150000
86.08000000
86.25150000
86.08000000
85.90850000
86.08000000
86.25150000
85.05100000
85.39400000
85.39400000
84.87950000
84.87950000
85.05100000
85.22250000
85.22250000
85.56550000
85.05100000
85.22250000
85.22250000
85.39400000
84.70800000
85.39400000
85.22250000
84.87950000
85.39400000
85.39400000
85.39400000
85.05100000
84.70800000
85.73700000
85.05100000
84.70800000
84.87950000
85.39400000
84.87950000
95.85550000
84.70800000
85.39400000
85.05100000
85.05100000
85.05100000
85.05100000
86.08000000
86.42300000
86.08000000
86.25150000
86.25150000
84.87950000
86.25150000
85.22250000
85.39400000
85.05100000
85.22250000
84.87950000
85.05100000
85.39400000
84.36500000
85.05100000
85.39400000
85.39400000
85.56550000
85.39400000
85.05100000
85.39400000
85.22250000
85.05100000
85.39400000
85.56550000
85.22250000
84.87950000
103.05850000
102.88700000
85.56550000
85.05100000
102.54400000
102.88700000
85.39400000
85.22250000
85.56550000
103.23000000
102.88700000
102.71550000
103.23000000
102.37250000
102.88700000
103.05850000
102.71550000
102.37250000
102.71550000
102.71550000
103.23000000
102.71550000
103.74450000
102.88700000
120.72300000
104.08750000
121.92350000
121.92350000
122.09500000
103.74450000
104.25900000
121.92350000
121.40900000
121.92350000
122.09500000
122.43800000
121.92350000
866.23350000
903.10600000
138.21600000
120.38000000
138.04450000
1329.45500000
1464.25400000
1538.68500000
1306.81700000
1811.02700000
1432.18350000
1263.08450000
884.41250000
795.40400000
778.76850000
750.12800000
681.35650000
680.84200000
716.34250000
628.36300000
664.20650000
593.20550000
576.74150000
540.55500000
540.04050000
505.56900000
504.88300000
524.77700000
506.08350000
489.10500000
505.05450000
505.74050000
488.93350000
504.02550000
487.73300000
505.56900000
505.39750000
523.06200000
489.10500000
505.91200000
505.22600000
505.22600000
523.40500000
505.91200000
488.59050000
504.71150000
523.57650000
505.05450000
541.58400000
546.21450000
523.06200000
567.13750000
618.93050000
626.99100000
540.04050000
470.06850000
470.24000000
575.71250000
522.71900000
575.88400000
540.04050000
573.31150000
575.02650000
540.55500000
592.69100000
609.66950000
592.34800000
643.11200000
679.47000000
663.17750000
643.96950000
698.16350000
593.20550000
662.66300000
749.27050000
609.49800000
703.99450000
670.38050000
