---------------SIDE1INPUT = 100------------------------------
144.90450000
136.67250000
145.59050000
136.84400000
136.67250000
121.92350000
138.73050000
138.55900000
121.58050000
138.90200000
139.07350000
121.23750000
137.35850000
138.90200000
138.73050000
139.07350000
137.01550000
137.35850000
119.52250000
136.84400000
119.52250000
136.67250000
119.86550000
119.52250000
137.01550000
121.23750000
137.35850000
137.70150000
138.55900000
119.52250000
137.01550000
138.55900000
138.55900000
138.21600000
138.38750000
138.90200000
138.73050000
138.73050000
136.84400000
120.89450000
138.21600000
137.53000000
138.90200000
138.90200000
138.55900000
138.90200000
139.58800000
139.07350000
139.07350000
139.07350000
138.90200000
138.55900000
138.21600000
139.24500000
139.07350000
138.55900000
138.90200000
138.90200000
138.73050000
138.90200000
138.90200000
139.07350000
137.70150000
137.01550000
137.53000000
137.53000000
120.03700000
137.01550000
137.35850000
137.70150000
137.18700000
137.35850000
120.38000000
139.58800000
139.24500000
137.70150000
119.35100000
137.01550000
121.58050000
121.06600000
137.35850000
138.90200000
137.35850000
138.55900000
137.18700000
119.86550000
137.18700000
120.03700000
138.73050000
119.86550000
138.55900000
136.84400000
137.87300000
188.80850000
137.18700000
188.29400000
138.90200000
189.83750000
174.05950000
137.18700000
189.66600000
191.89550000
189.49450000
137.35850000
121.58050000
136.84400000
154.50850000
139.58800000
156.39500000
137.01550000
120.55150000
137.53000000
119.00800000
120.72300000
744.98300000
738.12300000
103.05850000
101.51500000
120.20850000
101.68650000
102.20100000
101.85800000
101.85800000
102.02950000
102.37250000
102.37250000
84.70800000
84.53650000
102.20100000
84.87950000
84.36500000
84.70800000
84.53650000
84.19350000
84.53650000
84.36500000
84.36500000
84.19350000
84.19350000
84.36500000
84.70800000
84.36500000
84.53650000
84.87950000
84.53650000
84.02200000
85.05100000
84.53650000
84.36500000
84.02200000
84.19350000
84.87950000
84.53650000
84.19350000
84.53650000
84.53650000
84.19350000
84.19350000
85.22250000
84.02200000
84.70800000
84.36500000
84.19350000
84.53650000
84.53650000
84.87950000
84.36500000
84.53650000
84.19350000
84.53650000
84.36500000
84.53650000
84.53650000
84.87950000
85.05100000
84.19350000
84.19350000
84.70800000
84.53650000
84.53650000
84.70800000
84.53650000
67.04350000
84.53650000
84.53650000
83.85050000
84.19350000
84.36500000
85.39400000
84.53650000
84.36500000
85.39400000
86.25150000
84.19350000
84.19350000
85.56550000
85.39400000
85.22250000
85.56550000
85.90850000
85.39400000
85.56550000
85.39400000
85.22250000
85.56550000
85.56550000
85.56550000
85.39400000
85.39400000
85.05100000
85.22250000
84.19350000
84.19350000
84.36500000
84.19350000
84.70800000
84.70800000
84.87950000
84.36500000
84.70800000
84.70800000
84.53650000
84.53650000
84.36500000
84.02200000
79.73450000
84.19350000
83.85050000
84.36500000
84.36500000
84.70800000
84.19350000
85.56550000
84.19350000
84.19350000
84.02200000
83.67900000
84.19350000
84.36500000
84.70800000
83.85050000
84.36500000
84.19350000
88.30950000
84.02200000
85.56550000
86.08000000
85.05100000
85.73700000
85.22250000
84.87950000
84.36500000
85.56550000
84.02200000
84.36500000
84.36500000
84.70800000
84.02200000
84.53650000
84.53650000
84.36500000
85.05100000
84.36500000
84.53650000
84.36500000
84.02200000
84.53650000
84.70800000
84.70800000
84.02200000
84.87950000
84.70800000
84.70800000
84.36500000
84.87950000
84.53650000
84.70800000
84.19350000
83.85050000
84.53650000
84.70800000
84.70800000
84.36500000
84.70800000
84.36500000
84.36500000
84.53650000
101.51500000
84.70800000
102.20100000
84.53650000
101.51500000
84.19350000
102.02950000
85.56550000
84.02200000
85.56550000
101.34350000
84.19350000
85.39400000
102.54400000
102.88700000
85.22250000
102.71550000
102.54400000
85.39400000
102.88700000
103.05850000
102.54400000
85.56550000
85.73700000
103.23000000
101.51500000
102.02950000
101.85800000
102.02950000
101.51500000
84.53650000
84.19350000
84.19350000
85.39400000
85.39400000
85.22250000
103.05850000
98.08500000
95.16950000
95.16950000
84.02200000
84.70800000
84.36500000
84.36500000
84.53650000
84.70800000
83.85050000
84.36500000
84.19350000
84.36500000
84.53650000
84.70800000
84.53650000
84.19350000
84.36500000
84.36500000
84.53650000
84.36500000
84.36500000
84.53650000
84.02200000
84.53650000
84.36500000
84.53650000
84.53650000
84.36500000
83.85050000
84.36500000
84.36500000
84.02200000
84.53650000
84.36500000
84.53650000
85.39400000
84.19350000
85.56550000
85.05100000
101.17200000
84.19350000
84.36500000
101.34350000
84.70800000
101.00050000
84.53650000
84.02200000
84.53650000
83.85050000
84.53650000
101.51500000
101.68650000
101.17200000
102.02950000
1100.15950000
718.40050000
102.20100000
32.40050000
102.37250000
102.02950000
791.80250000
750.47100000
814.26900000
780.14050000
