------------------------------------------------------------
102.37250000
103.40150000
102.54400000
102.88700000
85.22250000
85.22250000
85.39400000
85.39400000
86.08000000
104.94500000
104.25900000
104.43050000
104.08750000
103.91600000
104.25900000
103.40150000
86.25150000
86.59450000
85.90850000
86.42300000
86.59450000
85.73700000
104.08750000
104.43050000
86.42300000
104.60200000
104.43050000
104.25900000
104.60200000
104.25900000
103.91600000
104.43050000
103.74450000
103.91600000
103.91600000
104.43050000
103.91600000
103.91600000
104.60200000
104.25900000
104.08750000
87.10900000
86.42300000
104.25900000
103.91600000
86.25150000
104.25900000
103.40150000
85.90850000
86.93750000
86.59450000
86.25150000
86.25150000
86.42300000
85.73700000
84.87950000
85.39400000
85.39400000
85.39400000
85.05100000
85.39400000
85.39400000
85.56550000
85.56550000
85.39400000
85.22250000
85.56550000
85.73700000
85.39400000
85.39400000
85.73700000
85.05100000
85.39400000
85.39400000
85.22250000
85.73700000
85.56550000
85.39400000
85.56550000
85.22250000
85.56550000
67.38650000
67.72950000
67.72950000
67.72950000
68.24400000
67.90100000
67.55800000
67.90100000
67.55800000
68.07250000
68.07250000
67.38650000
67.72950000
67.90100000
67.90100000
85.05100000
85.39400000
85.39400000
68.93000000
68.93000000
86.25150000
86.42300000
85.39400000
85.56550000
85.39400000
85.39400000
68.75850000
86.08000000
86.42300000
68.41550000
69.10150000
86.59450000
68.07250000
68.58700000
68.58700000
68.58700000
68.58700000
68.41550000
68.24400000
68.07250000
68.07250000
68.41550000
67.90100000
67.72950000
67.90100000
85.39400000
85.22250000
86.25150000
85.73700000
85.39400000
85.56550000
85.90850000
85.39400000
85.22250000
85.73700000
85.73700000
85.39400000
68.07250000
67.90100000
67.55800000
85.39400000
85.22250000
85.90850000
85.56550000
68.07250000
67.55800000
85.90850000
85.56550000
85.05100000
86.25150000
68.41550000
86.59450000
86.08000000
68.75850000
85.90850000
68.93000000
68.93000000
87.10900000
86.42300000
68.58700000
68.75850000
68.41550000
68.75850000
86.59450000
68.24400000
68.58700000
68.58700000
85.90850000
68.07250000
85.73700000
85.90850000
85.39400000
68.07250000
85.73700000
68.24400000
67.90100000
67.72950000
85.56550000
85.56550000
85.39400000
85.39400000
85.39400000
68.07250000
85.56550000
67.90100000
85.90850000
85.73700000
85.73700000
85.39400000
103.91600000
85.56550000
85.90850000
85.73700000
85.73700000
85.73700000
85.90850000
103.23000000
85.39400000
85.56550000
85.39400000
103.40150000
103.40150000
------------------------------------------------------------
102.37250000
102.37250000
85.22250000
102.54400000
102.02950000
102.54400000
85.05100000
102.20100000
102.37250000
102.71550000
85.05100000
84.53650000
84.87950000
84.87950000
85.39400000
85.05100000
85.05100000
85.39400000
85.05100000
84.53650000
85.22250000
85.05100000
84.70800000
102.54400000
102.02950000
85.22250000
102.20100000
84.87950000
84.70800000
84.70800000
85.22250000
85.39400000
84.87950000
84.87950000
85.05100000
84.70800000
84.70800000
85.05100000
85.05100000
85.05100000
85.05100000
85.22250000
85.22250000
85.05100000
84.70800000
85.05100000
85.05100000
84.70800000
85.05100000
84.87950000
85.05100000
85.22250000
85.05100000
84.70800000
85.05100000
85.22250000
85.22250000
85.22250000
84.87950000
84.70800000
84.70800000
85.39400000
84.87950000
85.22250000
85.22250000
85.05100000
85.05100000
85.05100000
85.39400000
85.22250000
84.87950000
85.22250000
85.05100000
84.70800000
84.87950000
85.05100000
84.70800000
85.56550000
85.56550000
84.87950000
84.70800000
84.53650000
85.05100000
85.05100000
85.05100000
85.05100000
84.87950000
85.05100000
84.87950000
84.70800000
84.87950000
84.87950000
84.87950000
67.55800000
67.21500000
67.55800000
67.38650000
67.90100000
85.05100000
67.90100000
85.22250000
67.38650000
85.39400000
84.53650000
85.39400000
67.72950000
67.38650000
85.56550000
84.70800000
86.25150000
86.08000000
86.76600000
86.08000000
85.90850000
68.58700000
68.24400000
68.24400000
67.72950000
85.05100000
84.87950000
85.05100000
84.87950000
67.21500000
85.05100000
85.22250000
84.87950000
84.36500000
84.87950000
67.72950000
85.05100000
84.87950000
84.87950000
84.53650000
85.05100000
85.22250000
67.38650000
84.53650000
85.39400000
84.70800000
85.05100000
85.05100000
85.05100000
84.87950000
84.87950000
85.05100000
85.39400000
84.87950000
85.22250000
85.05100000
84.87950000
84.87950000
85.39400000
85.05100000
85.39400000
84.87950000
85.05100000
102.88700000
85.22250000
85.22250000
85.39400000
85.05100000
84.87950000
84.70800000
103.05850000
102.54400000
102.54400000
102.37250000
102.54400000
102.88700000
102.88700000
102.71550000
102.37250000
------------------------------------------------------------
85.90850000
85.73700000
86.76600000
87.10900000
87.10900000
86.59450000
103.23000000
85.56550000
85.56550000
86.59450000
86.76600000
86.76600000
86.42300000
85.90850000
85.56550000
104.43050000
86.76600000
86.59450000
86.59450000
85.90850000
85.73700000
85.90850000
85.73700000
87.28050000
86.93750000
104.77350000
86.93750000
86.93750000
86.59450000
86.59450000
86.93750000
86.76600000
86.59450000
86.93750000
87.10900000
86.93750000
86.76600000
86.76600000
86.93750000
85.90850000
85.22250000
103.05850000
85.90850000
85.56550000
85.73700000
85.56550000
85.73700000
85.56550000
85.39400000
85.73700000
85.56550000
86.08000000
85.90850000
85.56550000
86.25150000
86.08000000
85.39400000
85.56550000
85.73700000
85.56550000
85.73700000
85.56550000
85.22250000
85.39400000
85.56550000
85.39400000
85.73700000
69.27300000
86.76600000
68.93000000
86.59450000
68.58700000
86.93750000
86.93750000
86.93750000
68.75850000
68.75850000
87.10900000
68.93000000
68.93000000
68.75850000
68.75850000
68.93000000
69.10150000
69.10150000
68.93000000
68.75850000
68.58700000
68.93000000
68.93000000
68.75850000
69.10150000
68.75850000
68.41550000
68.41550000
68.93000000
68.58700000
68.75850000
68.75850000
68.58700000
68.93000000
68.93000000
69.44450000
69.10150000
68.75850000
68.75850000
69.10150000
68.75850000
68.75850000
68.58700000
68.93000000
68.93000000
68.58700000
68.93000000
67.90100000
69.10150000
68.93000000
68.75850000
68.75850000
68.93000000
68.93000000
69.10150000
68.75850000
68.58700000
68.24400000
69.27300000
68.75850000
68.93000000
68.75850000
68.93000000
68.58700000
69.27300000
85.90850000
68.93000000
85.56550000
68.93000000
68.75850000
69.44450000
68.58700000
68.93000000
69.10150000
68.58700000
68.58700000
68.93000000
68.58700000
69.10150000
68.93000000
69.27300000
68.75850000
87.28050000
87.62350000
87.10900000
86.76600000
86.59450000
86.93750000
68.93000000
85.56550000
93.45450000
85.73700000
85.56550000
85.56550000
85.05100000
85.56550000
85.73700000
85.73700000
85.22250000
85.90850000
85.56550000
86.59450000
87.10900000
86.93750000
86.59450000
86.93750000
86.08000000
86.59450000
86.76600000
86.59450000
86.59450000
86.59450000
86.93750000
86.76600000
86.93750000
86.59450000
86.08000000
85.90850000
85.73700000
85.56550000
85.39400000
85.39400000
85.22250000
85.90850000
85.56550000
85.90850000
85.56550000
85.56550000
86.08000000
85.73700000
85.73700000
85.56550000
85.56550000
85.73700000
86.42300000
85.39400000
86.25150000
85.56550000
86.08000000
85.56550000
85.73700000
85.39400000
85.56550000
103.05850000
85.56550000
103.23000000
103.57300000
103.40150000
103.23000000
103.23000000
103.40150000
103.23000000
------------------------------------------------------------
104.60200000
104.94500000
103.91600000
103.23000000
103.74450000
85.73700000
103.74450000
103.05850000
104.25900000
103.74450000
85.73700000
104.08750000
85.90850000
85.90850000
86.93750000
87.10900000
86.59450000
86.59450000
87.10900000
87.10900000
87.10900000
86.76600000
87.10900000
86.93750000
104.77350000
86.76600000
87.28050000
86.93750000
85.73700000
87.10900000
86.76600000
86.93750000
87.10900000
85.90850000
103.74450000
85.73700000
85.90850000
86.08000000
86.42300000
87.10900000
87.10900000
104.08750000
86.25150000
103.57300000
85.73700000
86.25150000
85.56550000
85.90850000
85.90850000
85.73700000
86.25150000
85.73700000
86.25150000
86.25150000
86.42300000
85.90850000
85.73700000
85.90850000
85.73700000
87.10900000
86.93750000
87.10900000
86.59450000
87.10900000
86.93750000
86.93750000
87.10900000
86.76600000
87.28050000
87.28050000
87.10900000
86.76600000
87.28050000
87.10900000
86.76600000
87.10900000
86.93750000
86.93750000
86.93750000
86.76600000
87.28050000
86.93750000
86.59450000
87.28050000
86.93750000
87.10900000
87.10900000
87.10900000
86.76600000
86.93750000
86.76600000
86.93750000
87.10900000
86.59450000
86.76600000
86.76600000
86.93750000
86.93750000
86.76600000
86.93750000
87.28050000
86.93750000
85.90850000
86.93750000
86.76600000
87.10900000
87.28050000
86.93750000
87.10900000
86.76600000
87.10900000
87.10900000
87.10900000
86.76600000
86.76600000
86.76600000
87.10900000
86.93750000
87.10900000
86.59450000
87.28050000
86.25150000
85.73700000
86.08000000
86.76600000
85.90850000
86.42300000
85.22250000
86.42300000
85.73700000
86.25150000
87.10900000
85.56550000
85.90850000
86.08000000
85.56550000
85.56550000
85.56550000
85.73700000
85.90850000
85.73700000
85.56550000
85.56550000
85.73700000
86.08000000
85.90850000
86.42300000
85.39400000
86.08000000
86.93750000
86.93750000
87.28050000
86.42300000
86.93750000
86.59450000
86.76600000
87.28050000
87.10900000
86.76600000
86.76600000
87.10900000
86.59450000
86.76600000
86.76600000
86.93750000
86.93750000
85.56550000
85.56550000
85.56550000
86.93750000
86.93750000
86.93750000
86.76600000
86.93750000
85.73700000
86.93750000
86.59450000
86.93750000
87.10900000
87.10900000
86.59450000
87.28050000
85.90850000
86.08000000
85.73700000
85.90850000
86.25150000
85.39400000
86.93750000
85.90850000
85.56550000
86.25150000
85.56550000
86.42300000
85.73700000
86.25150000
86.59450000
87.10900000
85.73700000
86.93750000
86.93750000
86.25150000
86.25150000
85.39400000
85.73700000
85.39400000
85.73700000
85.56550000
85.56550000
85.56550000
85.90850000
103.57300000
103.74450000
103.74450000
103.05850000
102.88700000
------------------------------------------------------------
122.78100000
------------------------------------------------------------
103.23000000
102.88700000
103.40150000
103.57300000
103.40150000
103.05850000
102.71550000
102.71550000
102.88700000
102.71550000
104.25900000
103.23000000
103.05850000
104.25900000
104.25900000
104.08750000
104.25900000
104.43050000
104.25900000
104.43050000
104.77350000
104.43050000
104.43050000
104.25900000
104.08750000
104.25900000
104.08750000
104.43050000
103.91600000
104.25900000
104.43050000
104.08750000
86.93750000
86.93750000
86.42300000
86.42300000
86.42300000
104.08750000
86.93750000
104.43050000
86.76600000
86.42300000
86.42300000
86.08000000
86.76600000
86.59450000
86.59450000
86.42300000
86.42300000
86.42300000
86.42300000
86.42300000
86.42300000
86.59450000
86.25150000
86.42300000
86.42300000
86.76600000
85.73700000
86.59450000
86.59450000
86.42300000
86.59450000
86.59450000
86.42300000
86.59450000
86.42300000
85.56550000
86.42300000
68.75850000
86.42300000
85.90850000
86.42300000
68.24400000
68.58700000
86.42300000
86.08000000
86.42300000
86.25150000
86.59450000
86.76600000
86.59450000
86.59450000
85.90850000
86.42300000
86.25150000
86.76600000
68.93000000
68.41550000
68.24400000
68.58700000
68.58700000
68.58700000
68.58700000
68.75850000
68.58700000
68.58700000
68.58700000
67.90100000
67.72950000
68.75850000
68.58700000
69.27300000
68.58700000
68.75850000
85.73700000
68.07250000
68.24400000
69.27300000
68.58700000
68.93000000
68.58700000
68.75850000
68.41550000
68.58700000
68.41550000
68.41550000
68.58700000
68.93000000
68.41550000
68.41550000
68.75850000
68.58700000
68.41550000
68.93000000
68.58700000
68.75850000
86.42300000
86.08000000
86.42300000
86.42300000
86.42300000
86.25150000
68.58700000
86.93750000
86.25150000
86.59450000
68.58700000
68.24400000
68.41550000
86.42300000
68.58700000
86.42300000
85.73700000
68.58700000
85.56550000
85.90850000
68.93000000
68.58700000
68.58700000
85.22250000
86.08000000
86.08000000
86.42300000
68.41550000
86.59450000
86.76600000
86.42300000
85.39400000
86.42300000
85.90850000
86.59450000
85.73700000
86.25150000
86.25150000
86.59450000
86.59450000
85.56550000
85.73700000
85.22250000
85.90850000
86.76600000
86.08000000
85.73700000
86.59450000
87.28050000
86.76600000
86.93750000
85.73700000
86.25150000
85.73700000
85.56550000
85.22250000
86.25150000
86.25150000
104.43050000
86.76600000
86.59450000
86.42300000
103.23000000
104.43050000
102.71550000
104.08750000
86.42300000
104.25900000
103.23000000
103.40150000
85.73700000
85.39400000
103.23000000
86.08000000
103.05850000
102.88700000
103.05850000
85.73700000
103.23000000
103.05850000
103.05850000
85.73700000
85.56550000
86.08000000
103.05850000
87.10900000
104.43050000
104.94500000
104.43050000
104.08750000
104.25900000
86.76600000
104.43050000
104.60200000
104.08750000
104.25900000
104.43050000
104.25900000
104.43050000
104.25900000
------------------------------------------------------------
103.40150000
103.05850000
102.88700000
103.57300000
103.23000000
103.05850000
85.39400000
85.90850000
102.88700000
85.73700000
85.39400000
103.05850000
103.40150000
92.08250000
103.23000000
103.23000000
103.57300000
102.71550000
103.23000000
102.88700000
85.22250000
102.71550000
102.88700000
102.88700000
102.88700000
103.23000000
103.23000000
103.40150000
102.88700000
102.71550000
103.05850000
103.05850000
103.05850000
103.23000000
102.88700000
103.57300000
103.23000000
86.93750000
87.62350000
87.10900000
86.76600000
86.76600000
103.05850000
103.40150000
85.73700000
85.39400000
85.39400000
85.56550000
85.22250000
86.08000000
85.22250000
91.91100000
85.90850000
87.10900000
86.59450000
86.93750000
85.56550000
87.45200000
86.76600000
86.93750000
86.25150000
86.93750000
85.39400000
90.88200000
86.93750000
87.28050000
85.39400000
91.73950000
85.73700000
90.71050000
85.56550000
87.28050000
86.59450000
86.59450000
86.76600000
86.25150000
86.59450000
86.93750000
86.76600000
86.42300000
86.59450000
86.42300000
86.76600000
86.59450000
86.76600000
86.59450000
87.10900000
68.93000000
86.59450000
68.75850000
86.59450000
68.58700000
86.93750000
86.59450000
86.76600000
86.08000000
86.59450000
86.42300000
86.25150000
86.76600000
85.56550000
85.56550000
85.22250000
85.39400000
85.22250000
85.22250000
85.56550000
85.39400000
85.22250000
85.39400000
85.39400000
85.22250000
85.05100000
85.22250000
85.56550000
85.39400000
85.22250000
85.05100000
85.39400000
85.56550000
85.05100000
85.05100000
85.39400000
85.39400000
85.22250000
85.39400000
85.22250000
85.05100000
84.87950000
85.39400000
85.22250000
85.05100000
84.87950000
85.39400000
85.05100000
85.39400000
85.22250000
85.39400000
85.56550000
86.59450000
87.10900000
86.93750000
86.93750000
86.93750000
86.93750000
86.42300000
86.42300000
86.59450000
86.76600000
86.76600000
87.10900000
86.42300000
86.76600000
86.42300000
86.42300000
85.39400000
86.76600000
86.42300000
87.10900000
86.93750000
84.87950000
87.10900000
85.22250000
85.90850000
102.71550000
85.73700000
85.39400000
103.05850000
91.39650000
85.22250000
91.05350000
85.73700000
91.22500000
103.23000000
91.39650000
85.39400000
90.71050000
85.39400000
85.22250000
85.22250000
85.05100000
85.90850000
85.22250000
103.05850000
85.56550000
85.90850000
85.56550000
85.73700000
85.22250000
85.22250000
86.08000000
85.73700000
85.39400000
85.56550000
85.05100000
85.56550000
85.39400000
85.73700000
85.39400000
85.39400000
85.39400000
85.22250000
91.05350000
85.73700000
85.56550000
86.93750000
86.42300000
85.56550000
85.39400000
103.23000000
104.60200000
104.94500000
104.43050000
104.77350000
------------------------------------------------------------
104.77350000
103.23000000
103.40150000
104.43050000
104.43050000
102.71550000
103.23000000
104.94500000
104.94500000
104.43050000
103.23000000
103.05850000
103.74450000
103.23000000
103.57300000
103.23000000
102.88700000
103.05850000
103.23000000
103.74450000
85.73700000
85.39400000
85.73700000
85.73700000
85.56550000
85.56550000
103.23000000
85.90850000
85.73700000
85.39400000
85.56550000
85.39400000
85.90850000
85.56550000
87.45200000
87.45200000
87.62350000
87.10900000
87.10900000
87.10900000
86.76600000
86.93750000
87.10900000
87.10900000
87.28050000
87.28050000
87.62350000
86.93750000
86.76600000
86.76600000
87.45200000
86.76600000
87.10900000
86.76600000
87.10900000
86.59450000
87.10900000
86.59450000
86.93750000
86.76600000
87.10900000
86.76600000
87.45200000
87.10900000
86.93750000
86.59450000
87.28050000
86.76600000
87.45200000
86.76600000
86.59450000
86.59450000
86.76600000
86.93750000
86.93750000
87.10900000
69.61600000
87.10900000
86.93750000
85.56550000
85.05100000
85.73700000
69.61600000
68.93000000
69.27300000
86.42300000
69.61600000
87.10900000
87.10900000
69.10150000
87.28050000
87.45200000
87.45200000
86.93750000
87.28050000
86.76600000
86.93750000
68.93000000
69.78750000
69.61600000
87.28050000
86.76600000
69.27300000
87.10900000
86.76600000
68.75850000
69.44450000
87.10900000
87.45200000
86.76600000
87.28050000
87.45200000
87.10900000
86.93750000
87.10900000
86.59450000
87.10900000
68.75850000
87.45200000
86.76600000
69.44450000
86.93750000
69.10150000
67.55800000
85.56550000
85.56550000
68.24400000
85.39400000
86.93750000
68.93000000
68.75850000
85.90850000
69.27300000
87.28050000
85.90850000
85.73700000
69.27300000
85.73700000
85.39400000
85.73700000
69.44450000
68.75850000
69.27300000
87.45200000
69.78750000
69.27300000
69.61600000
86.93750000
69.61600000
87.10900000
69.27300000
87.28050000
69.27300000
87.10900000
87.45200000
87.28050000
87.28050000
86.93750000
87.10900000
86.76600000
87.10900000
86.76600000
87.79500000
86.59450000
87.10900000
86.93750000
87.28050000
86.59450000
86.93750000
86.93750000
86.93750000
87.10900000
87.10900000
86.76600000
87.45200000
86.59450000
87.45200000
85.22250000
87.10900000
86.42300000
87.28050000
86.59450000
87.45200000
87.10900000
86.93750000
86.76600000
87.45200000
86.93750000
87.10900000
84.87950000
85.56550000
85.39400000
85.22250000
85.22250000
85.56550000
85.56550000
85.56550000
85.39400000
85.39400000
85.73700000
85.22250000
85.22250000
85.56550000
85.73700000
85.39400000
86.08000000
86.08000000
85.22250000
85.73700000
85.73700000
85.39400000
85.22250000
85.05100000
85.56550000
85.39400000
85.05100000
85.39400000
85.56550000
85.05100000
85.39400000
84.87950000
85.22250000
85.39400000
85.39400000
85.05100000
85.22250000
85.39400000
85.73700000
85.39400000
85.05100000
85.22250000
85.05100000
85.22250000
85.22250000
85.39400000
85.22250000
85.39400000
85.39400000
85.56550000
85.05100000
85.22250000
85.05100000
85.05100000
85.39400000
84.70800000
85.05100000
85.22250000
102.88700000
85.39400000
103.05850000
85.56550000
103.57300000
103.23000000
103.05850000
102.54400000
103.40150000
103.23000000
103.40150000
103.23000000
102.54400000
103.74450000
103.23000000
103.40150000
103.05850000
103.74450000
102.71550000
103.40150000
103.05850000
102.54400000
103.57300000
103.23000000
103.23000000
103.23000000
103.05850000
103.40150000
103.23000000
104.94500000
104.60200000
104.43050000
104.60200000
104.94500000
104.60200000
104.77350000
104.94500000
104.77350000
104.77350000
104.77350000
104.94500000
------------------------------------------------------------
496.99400000
497.50850000
------------------------------------------------------------
103.91600000
103.57300000
103.57300000
104.08750000
103.91600000
91.73950000
103.91600000
91.56800000
104.77350000
104.94500000
104.94500000
103.91600000
87.45200000
87.10900000
86.25150000
87.45200000
87.45200000
87.10900000
86.25150000
103.91600000
85.90850000
103.91600000
103.40150000
103.40150000
85.90850000
86.59450000
86.08000000
86.08000000
85.90850000
85.39400000
85.90850000
85.90850000
85.56550000
85.56550000
85.73700000
86.25150000
85.39400000
87.79500000
85.73700000
85.73700000
87.28050000
87.10900000
86.76600000
86.93750000
85.90850000
87.62350000
87.28050000
87.28050000
86.59450000
85.90850000
86.08000000
86.93750000
87.45200000
87.10900000
87.45200000
87.10900000
68.93000000
85.73700000
86.08000000
86.42300000
85.90850000
85.90850000
85.90850000
86.25150000
85.56550000
50.75100000
85.90850000
85.90850000
85.73700000
86.08000000
85.73700000
85.90850000
85.73700000
86.08000000
85.56550000
85.73700000
86.25150000
85.73700000
85.90850000
85.56550000
85.56550000
86.08000000
86.08000000
85.73700000
86.25150000
86.08000000
85.73700000
86.08000000
69.61600000
69.10150000
86.93750000
86.93750000
86.76600000
68.93000000
68.75850000
68.93000000
87.28050000
69.44450000
69.10150000
86.93750000
69.27300000
86.93750000
68.58700000
69.27300000
86.93750000
86.76600000
69.10150000
86.76600000
69.44450000
69.44450000
69.61600000
69.61600000
69.78750000
87.28050000
87.62350000
87.10900000
68.24400000
68.24400000
69.95900000
68.41550000
70.30200000
67.72950000
69.44450000
86.76600000
87.45200000
69.61600000
87.28050000
86.93750000
87.28050000
68.24400000
86.08000000
68.24400000
68.24400000
68.58700000
68.41550000
68.07250000
68.58700000
68.58700000
68.24400000
68.24400000
68.93000000
68.07250000
85.56550000
68.24400000
86.08000000
68.58700000
85.90850000
85.39400000
68.24400000
68.24400000
68.07250000
67.90100000
67.90100000
85.73700000
85.73700000
85.90850000
85.22250000
86.08000000
85.90850000
85.56550000
68.07250000
85.73700000
85.39400000
85.73700000
86.25150000
68.41550000
85.73700000
85.73700000
85.90850000
85.56550000
85.39400000
85.56550000
87.96650000
87.10900000
87.45200000
85.73700000
69.78750000
87.28050000
85.90850000
87.45200000
85.73700000
85.90850000
87.45200000
87.79500000
87.10900000
87.10900000
87.45200000
86.08000000
86.25150000
87.45200000
87.28050000
87.45200000
87.28050000
87.28050000
87.10900000
87.62350000
87.28050000
87.62350000
85.73700000
87.28050000
87.10900000
87.10900000
87.10900000
87.28050000
85.56550000
86.93750000
87.10900000
86.93750000
86.76600000
87.45200000
87.10900000
87.28050000
86.76600000
86.93750000
85.56550000
86.93750000
85.90850000
85.90850000
69.61600000
86.08000000
85.73700000
85.90850000
86.08000000
85.73700000
85.90850000
85.73700000
85.90850000
86.25150000
86.08000000
86.42300000
85.56550000
85.22250000
85.56550000
86.25150000
85.56550000
85.56550000
85.73700000
85.90850000
85.73700000
87.79500000
86.25150000
87.28050000
86.76600000
85.90850000
87.28050000
87.10900000
87.45200000
86.93750000
86.93750000
87.10900000
87.10900000
87.45200000
87.10900000
86.93750000
87.28050000
86.93750000
87.10900000
86.93750000
87.10900000
86.59450000
86.59450000
85.90850000
87.28050000
87.10900000
86.59450000
87.10900000
87.10900000
85.73700000
87.28050000
86.93750000
85.56550000
87.45200000
87.28050000
85.90850000
103.05850000
87.45200000
87.10900000
86.93750000
103.91600000
103.40150000
103.74450000
103.57300000
103.23000000
103.57300000
104.08750000
103.40150000
103.57300000
103.40150000
103.57300000
103.57300000
103.05850000
85.90850000
86.25150000
103.57300000
103.91600000
104.43050000
85.73700000
103.57300000
85.73700000
103.74450000
86.08000000
103.23000000
103.23000000
103.40150000
103.91600000
103.74450000
103.57300000
103.23000000
104.08750000
103.74450000
103.57300000
------------------------------------------------------------
612.41350000
612.41350000
------------------------------------------------------------
104.77350000
104.25900000
103.23000000
103.23000000
104.43050000
104.25900000
104.08750000
104.25900000
103.23000000
104.60200000
103.91600000
86.42300000
85.73700000
86.76600000
86.25150000
86.08000000
85.22250000
85.90850000
85.05100000
85.39400000
85.39400000
102.54400000
102.88700000
85.56550000
85.22250000
103.05850000
102.88700000
88.30950000
86.42300000
85.56550000
85.90850000
86.76600000
86.08000000
88.48100000
85.22250000
85.56550000
85.39400000
85.56550000
85.73700000
86.76600000
86.25150000
85.22250000
85.90850000
85.73700000
85.73700000
86.59450000
86.42300000
86.08000000
86.42300000
86.25150000
86.42300000
86.76600000
86.59450000
86.08000000
86.42300000
103.91600000
86.25150000
86.59450000
86.59450000
86.08000000
86.42300000
86.42300000
85.90850000
86.59450000
85.73700000
85.39400000
85.73700000
85.22250000
86.42300000
86.42300000
85.73700000
85.39400000
85.22250000
85.73700000
85.22250000
86.42300000
86.93750000
85.39400000
94.65500000
85.90850000
85.22250000
86.59450000
86.42300000
85.22250000
85.56550000
85.39400000
85.39400000
85.90850000
85.39400000
86.25150000
86.25150000
85.73700000
85.73700000
86.76600000
86.42300000
85.73700000
85.56550000
85.22250000
86.59450000
86.59450000
85.56550000
85.90850000
86.08000000
85.39400000
85.56550000
86.08000000
86.59450000
85.56550000
85.73700000
86.25150000
86.76600000
85.90850000
86.42300000
86.25150000
85.73700000
85.73700000
86.25150000
86.25150000
86.42300000
86.76600000
86.25150000
86.42300000
85.90850000
86.59450000
86.42300000
86.76600000
86.42300000
86.25150000
86.59450000
86.42300000
86.59450000
86.08000000
86.08000000
85.90850000
86.93750000
86.25150000
86.42300000
86.25150000
86.42300000
86.76600000
86.08000000
86.25150000
85.90850000
86.42300000
86.42300000
86.25150000
86.25150000
86.59450000
86.42300000
86.42300000
86.25150000
86.42300000
86.25150000
86.25150000
86.25150000
86.42300000
86.25150000
86.25150000
86.76600000
86.42300000
86.76600000
104.08750000
86.42300000
86.25150000
86.42300000
104.77350000
104.08750000
86.42300000
104.25900000
104.43050000
104.08750000
104.43050000
104.08750000
103.91600000
103.91600000
104.25900000
104.43050000
104.25900000
104.43050000
104.43050000
104.25900000
103.05850000
104.94500000
104.43050000
104.25900000
104.25900000
103.40150000
104.43050000
103.23000000
104.43050000
104.08750000
104.43050000
104.08750000
104.77350000
------------------------------------------------------------
104.60200000
104.60200000
104.94500000
103.91600000
105.11650000
104.60200000
105.45950000
104.94500000
105.63100000
104.94500000
105.45950000
105.45950000
86.76600000
104.77350000
86.93750000
87.10900000
104.25900000
103.05850000
104.77350000
104.43050000
86.59450000
86.76600000
86.93750000
86.93750000
86.42300000
86.76600000
86.93750000
87.28050000
86.59450000
87.28050000
86.25150000
87.10900000
87.45200000
86.76600000
86.59450000
86.93750000
86.59450000
86.59450000
86.42300000
86.59450000
87.10900000
85.73700000
85.56550000
86.76600000
86.93750000
86.93750000
86.76600000
86.76600000
86.59450000
86.76600000
86.59450000
87.10900000
86.76600000
86.59450000
86.93750000
86.76600000
86.93750000
86.59450000
87.10900000
86.93750000
86.59450000
86.42300000
86.59450000
87.10900000
86.42300000
86.59450000
86.42300000
86.42300000
86.59450000
87.10900000
86.76600000
86.76600000
86.76600000
86.76600000
86.42300000
85.39400000
86.08000000
85.90850000
85.73700000
85.90850000
86.08000000
85.90850000
85.39400000
86.08000000
85.39400000
85.90850000
85.73700000
85.90850000
86.42300000
85.73700000
85.73700000
86.25150000
85.73700000
85.56550000
85.73700000
85.05100000
84.87950000
86.08000000
86.25150000
85.39400000
85.56550000
85.56550000
85.73700000
85.73700000
85.90850000
86.08000000
86.08000000
85.90850000
85.73700000
85.56550000
85.90850000
85.39400000
85.90850000
85.73700000
85.73700000
85.56550000
86.42300000
85.73700000
85.90850000
85.56550000
85.73700000
86.59450000
85.90850000
86.25150000
85.73700000
85.56550000
86.25150000
85.56550000
86.08000000
86.25150000
85.56550000
85.39400000
86.25150000
85.73700000
85.73700000
85.90850000
85.73700000
85.73700000
85.56550000
85.90850000
86.08000000
86.08000000
86.25150000
86.08000000
86.25150000
86.25150000
86.08000000
85.73700000
85.73700000
86.08000000
85.39400000
86.08000000
85.73700000
86.08000000
85.73700000
85.39400000
85.90850000
85.90850000
87.10900000
87.10900000
87.10900000
86.93750000
86.76600000
87.10900000
86.08000000
85.90850000
87.45200000
86.93750000
85.90850000
85.39400000
86.08000000
85.56550000
85.73700000
86.76600000
86.59450000
86.93750000
86.59450000
86.59450000
86.25150000
85.56550000
85.56550000
86.93750000
85.90850000
87.10900000
86.93750000
85.73700000
86.59450000
85.56550000
86.59450000
86.59450000
86.76600000
86.59450000
86.59450000
86.42300000
86.76600000
86.76600000
87.45200000
85.73700000
85.90850000
86.25150000
85.90850000
85.90850000
85.90850000
86.42300000
85.39400000
85.90850000
85.39400000
87.45200000
86.59450000
86.76600000
86.59450000
86.76600000
86.93750000
87.10900000
86.59450000
86.93750000
86.93750000
85.73700000
86.42300000
85.73700000
85.73700000
85.39400000
85.73700000
85.56550000
85.90850000
85.73700000
85.56550000
85.56550000
85.73700000
85.90850000
85.90850000
85.90850000
103.74450000
86.08000000
85.56550000
103.74450000
103.40150000
86.59450000
103.40150000
102.88700000
103.05850000
103.57300000
103.05850000
102.88700000
103.74450000
103.23000000
102.71550000
103.57300000
102.88700000
103.23000000
103.40150000
103.23000000
103.05850000
103.40150000
102.88700000
103.40150000
102.71550000
103.40150000
104.77350000
104.77350000
86.59450000
104.25900000
104.43050000
103.05850000
104.77350000
103.23000000
103.74450000
103.40150000
103.74450000
103.05850000
103.57300000
103.57300000
103.57300000
103.74450000
103.23000000
103.57300000
102.88700000
103.40150000
103.91600000
103.57300000
103.05850000
103.57300000
102.71550000
103.05850000
103.40150000
103.40150000
103.05850000
104.77350000
------------------------------------------------------------
120.38000000
121.23750000
104.60200000
122.26650000
122.78100000
122.78100000
122.78100000
104.60200000
104.43050000
122.60950000
122.78100000
122.78100000
122.60950000
123.12400000
105.45950000
123.29550000
123.12400000
122.60950000
122.60950000
122.95250000
104.77350000
122.78100000
104.94500000
122.78100000
122.43800000
122.60950000
122.43800000
105.11650000
104.60200000
104.43050000
120.72300000
104.25900000
104.77350000
122.60950000
121.40900000
123.12400000
121.75200000
123.46700000
104.77350000
104.77350000
104.60200000
104.60200000
104.60200000
105.11650000
103.57300000
103.40150000
103.57300000
103.40150000
121.06600000
103.23000000
121.23750000
121.23750000
103.57300000
103.40150000
103.57300000
103.40150000
120.89450000
120.72300000
120.72300000
103.74450000
120.89450000
120.72300000
120.55150000
103.23000000
120.89450000
121.06600000
103.91600000
120.72300000
103.23000000
104.77350000
104.77350000
103.40150000
105.28800000
104.94500000
104.43050000
104.43050000
104.25900000
104.43050000
104.77350000
105.11650000
104.25900000
104.25900000
104.77350000
104.43050000
103.74450000
103.74450000
104.08750000
120.55150000
121.06600000
121.75200000
120.72300000
103.57300000
120.89450000
121.06600000
121.06600000
120.89450000
121.23750000
120.72300000
120.55150000
120.89450000
121.06600000
103.74450000
120.72300000
120.72300000
103.74450000
103.23000000
121.40900000
103.23000000
104.08750000
103.74450000
103.23000000
121.06600000
121.23750000
121.06600000
103.57300000
103.91600000
121.40900000
121.23750000
120.72300000
103.57300000
104.77350000
104.60200000
104.94500000
104.77350000
120.72300000
121.06600000
120.55150000
121.40900000
120.89450000
121.06600000
121.23750000
103.05850000
103.40150000
103.57300000
120.89450000
121.40900000
121.23750000
120.89450000
121.23750000
103.40150000
120.38000000
121.06600000
121.06600000
103.23000000
120.72300000
120.55150000
120.89450000
120.89450000
120.89450000
122.60950000
