0.12072720 0.11646073 -0.73033586 0.07099614 -1.31590805 -0.68513464 -2.30563200 -2.63731883 -2.36203527 -1.50268150 
-0.06770363 -0.49423073 -0.32119144 -0.50180121 -0.54874048 0.13373393 -0.81538724 -0.25603816 0.39078928 -1.00330815 
-0.74440255 -0.94436629 -0.25312843 0.01961081 -0.58453053 -1.76099526 -0.40346871 -1.32975493 -1.20002270 -2.75146687 
-0.03203469 0.28981930 0.23490933 0.36080986 0.24862917 -0.13411721 -0.60761719 -0.48712396 -0.54436507 -0.78693862 
-0.58278591 -0.05853654 0.48616085 -0.42847721 0.79337699 0.79380054 -0.48427792 -0.89871480 0.29690150 0.01263520 
-0.70299286 -0.24274093 -0.69833140 0.16809182 0.27293585 -0.05066942 0.12451353 -0.66594681 0.34025362 -1.28013841 
-1.00141167 -0.22279240 -0.05579883 -0.25249693 -1.08089290 -1.90798900 -0.78987279 -2.81772692 -1.45932106 -2.44079575 
0.34351813 -0.63033122 0.38414185 0.46049221 -0.73276897 0.87731807 -0.82626919 -0.65293814 0.64070577 0.58114451 
-0.26676949 -0.00493694 0.42470330 -0.94501921 -0.51816599 -1.44082816 -0.88396779 -1.50131032 -2.23661775 -2.29979586 
0.89730984 -0.86444739 -0.87359803 0.29384819 -0.03994346 -0.45268403 -0.18489447 -1.68260728 -1.17511492 -0.61280529 
0.19971927 0.38445324 -0.02973919 -1.29876562 -1.58111544 -0.40053926 -1.65670993 -1.32373379 -0.56364160 -2.18975735 
0.71244823 -0.48184304 0.80210323 0.19111845 -0.21889993 -0.64072180 0.88371617 0.38789777 0.10600506 0.91734721 
-1.11454164 -0.84511382 -0.58775528 -0.27252650 -1.56222258 -0.78440400 -2.18718224 -2.57404133 -3.09580513 -1.72586260 
-0.12361022 -0.74742365 0.88956728 0.86883711 0.59253961 0.16972985 -0.30955587 0.15478914 -0.51161186 -0.00122486 
-0.97882260 -0.82479084 0.03151410 -1.79996995 -0.79699853 -1.41150553 -2.30593909 -2.80241940 -1.47986209 -1.63167970 
0.00690358 -0.23809566 -0.52689606 -1.18258852 -1.20248566 -0.49919811 -2.55338927 -2.76934311 -3.02111673 -3.28260750 
0.02289217 0.26248245 -0.29988993 -0.35091013 -1.97343698 -0.83007545 -1.88026909 -3.09712945 -3.58113273 -3.29096884 
0.68099979 -1.16215815 -0.85779349 0.55729788 -0.10691386 -0.70615010 -1.16376472 -0.72396498 -0.93359157 -0.41311525 
-0.03780398 0.05057010 0.09320186 -0.79414179 0.10594409 1.04678898 0.09903797 -0.81205358 0.93550774 -0.07781634 
-0.77242080 0.19246996 0.89220571 -0.17218444 0.54121392 0.98878061 0.25661166 0.64220681 0.74789107 -0.77412175 
0.83257827 0.47806638 0.19683941 -0.39296698 0.03079008 -0.33737477 -0.73394135 -0.50026769 -0.57139742 -0.64487414 
0.73937772 -0.12229994 0.31009676 -0.76314947 -0.82394852 -0.69396251 0.34384386 0.16641940 -1.40943057 -0.10795689 
-0.88477795 0.38779482 -1.25007397 -1.68908750 -0.34686113 -0.75352178 -0.96980585 -2.46215633 -1.07887083 -2.63700523 
0.41112490 -0.86964552 -0.81588335 -1.12870447 0.69891784 -0.69179056 -0.85796701 0.57409007 -0.28450906 -0.97378063 
-1.09986633 -1.30055037 -0.01132862 -0.25340376 -1.74764603 -0.73879833 -1.30170652 -2.00701626 -2.25235171 -2.08317105 
-0.86562483 0.25809536 -0.91576641 -1.97817620 -2.11026472 -1.28559049 -2.60152862 -2.93093909 -3.26189759 -3.06697461 
0.48732834 -0.79132509 -0.34261438 -0.44492820 -0.30192458 0.01082927 -0.20191609 -0.89005556 -0.71028478 0.00436505 
0.47911875 -1.20282176 0.15678215 -1.16489457 -0.31143673 -0.68637589 -0.00966399 -2.03387029 -0.37657994 -2.23466178 
-0.27603573 0.33474079 0.10671253 -1.13051333 -0.89056541 -1.12828223 -1.91865349 -1.62639120 -2.79526102 -2.62243718 
0.69504326 -0.87459487 -1.05709014 -1.08871489 -0.25435035 -0.59719043 -0.72175302 -2.51677571 -2.30339244 -2.04833490 
0.51420733 0.87814677 0.14416203 0.44265593 -0.48903248 -0.39478020 -0.39080513 -0.31174035 -0.82919837 0.68700695 
-0.64425962 -1.17392641 -0.22643028 -0.48683238 -0.91992663 -0.80245805 -1.20183536 -1.37601170 -1.27663044 -2.50996903 
-0.71338459 0.54489595 -1.57551063 -1.37429433 -1.68593668 -2.19792594 -1.85669772 -2.53718169 -1.11648699 -1.47197315 
-0.77235415 0.27224008 -0.70527262 -1.23584068 -0.97400767 -2.31395438 -2.56473494 -2.24607465 -3.05288485 -2.71365358 
0.41795532 -0.40876306 0.42459372 0.22943306 0.15531984 -0.06611098 -0.93208885 -1.60454464 -1.96074918 -1.22268420 
-0.89271907 0.35993120 0.32621424 0.27534048 -0.86244100 -0.36738698 -0.98838625 -1.25446364 -0.09227420 -1.02421611 
-0.03553998 0.21021764 -0.90951099 0.21009238 -0.67621428 -1.26763037 -1.25538263 -0.37157830 -1.36154124 -0.97221269 
-0.12437378 -0.12266499 0.02603953 -1.19271806 -2.16544561 -1.64238600 -1.04553612 -2.98866679 -3.27470717 -2.64259840 
-0.20888674 -0.35513997 -0.22012078 -1.48494257 -0.05040789 -1.28376174 -1.92149260 -1.99907172 -0.65160576 -0.75811691 
-0.84180258 -0.82181263 -1.19637295 -0.63077306 -1.10507343 -0.39955143 -1.94324432 -2.85085052 -2.83335898 -3.28615212 
-1.06119113 -1.19579090 0.23557716 -1.09765072 -1.73947341 -2.28666755 -2.31582649 -1.72492905 -2.31887383 -1.37945549 
0.58388351 0.04852065 -0.64419663 0.13918964 0.95517869 0.93838463 0.81140581 0.03697362 -0.73118321 0.47613770 
-0.95637823 -0.29891738 -1.08971319 -0.87328161 -0.44941964 -0.00165550 -0.17751834 0.06958477 -1.36884468 -1.26648629 
0.43470355 0.41661877 -0.88220122 0.27844093 -0.87826928 0.73266069 -0.50266467 -1.26986698 -0.50986656 -1.24253167 
-0.14026551 0.90876240 -0.80765411 -0.20163141 -0.45231654 -0.14863713 -1.20129373 -1.13932440 -0.12871410 -0.34173204 
-0.79192810 -0.21061972 -0.98050754 -0.77441042 -1.23660796 -0.58872877 0.11251869 -0.54225742 -1.46699506 -1.18939538 
-0.38697148 -0.32564633 0.71211025 -0.87351020 0.21733412 -0.44230168 0.15558825 -0.06594302 -0.27277616 -1.41923643 
-1.04969431 0.69603764 0.09540061 -0.69927343 -0.19496875 -1.31291559 -2.11756577 -1.57667327 -1.62477853 -1.57388346 
-0.36315483 0.11544218 -0.80257328 -1.78208760 -0.52988237 -0.76062648 -1.41342821 -1.41222330 -2.48738804 -2.08519083 
0.46738819 0.41528534 -1.65862588 -1.74021875 -0.95917076 -2.52252314 -1.74220957 -1.38332980 -2.35378630 -1.82634511 
-0.95636704 0.48159660 -1.33494401 -1.15053721 -1.37898692 -2.02885620 -2.17392337 -1.46102992 -2.31678518 -2.45499408 
-0.58628211 0.73811508 -0.28600121 -0.12851739 -0.43316691 -1.51670346 -1.41419433 -0.83020796 -1.63969448 -1.65332667 
-0.17164831 0.69948159 0.60565284 -0.23429095 -0.02011059 -0.62405872 -0.08677618 -0.45548325 -2.09571443 -1.28235873 
0.25004963 0.31412567 -0.38493164 0.11287042 -1.18563454 -1.70540695 -1.20668569 -0.75885780 -1.17834354 -0.50661770 
-0.94585139 0.14441320 -0.82929301 0.92227857 0.67429896 0.71391441 0.67589512 0.79469892 0.52795840 -0.33367138 
-0.91979137 -0.62900408 -1.58652828 -0.10386516 -1.57995237 -0.73632216 -1.02729516 -2.56149159 -3.02893424 -2.27457167 
0.15359662 0.78918549 0.26342343 -1.11284900 0.36556233 -0.02118383 0.36703510 -1.02921604 0.21366228 0.24178667 
-0.50599276 0.47155269 -0.04725244 -1.36071472 -1.66145533 -1.72327046 -2.70187910 -1.84126467 -3.19540915 -2.74161005 
0.17286669 0.57216846 0.36095713 0.41452501 0.66679619 -0.77294740 -0.30139601 0.26869680 0.20373313 0.60130232 
-0.61640598 -0.52279139 0.60316042 0.06208813 0.26919517 -1.16525428 -0.89620663 -0.77373565 -0.51160313 -1.46115857 
0.23212953 0.49983780 0.47721803 0.03214450 0.31357694 0.05475887 -0.74338993 -0.39188682 -0.05901990 -0.95202371 
-0.26671305 -1.19279095 -1.07635715 -1.59654185 -1.88716519 -1.50147752 -1.95524781 -2.17623970 -2.57611464 -1.80953979 
-0.39863224 0.50878629 0.01986470 -0.37802648 -0.61206272 -1.82209618 -1.26410348 -2.01465882 -1.05173577 -2.55148212 
-0.02678961 0.49213973 -0.41932862 0.40161518 -0.48934793 -0.22523407 0.16662264 -0.90119016 -0.69007214 -1.79263021 
-0.06495604 0.60080479 -0.15454044 0.29106128 -0.47176425 -1.69470655 -0.84141162 -0.88054332 -1.93907590 -1.71388214 
-0.24751914 0.52524763 -0.48529775 0.30959077 -0.59819068 -0.31293562 0.13881329 -0.53002390 -0.68782525 0.20151711 
0.18919119 -0.21629241 -0.05289204 0.28458948 0.30200423 -1.02618276 -0.30155678 -0.10506836 -1.50285746 -1.43274002 
-1.06364579 -1.22868618 -1.09734346 -0.42917756 -1.03704775 -1.28839174 -0.79509350 -1.92605832 -1.71989883 -1.19786514 
0.77244460 0.45334898 -0.11714056 -1.29163419 -0.30566447 -1.10719277 -1.77974176 -0.38676884 -1.37564093 -1.92199952 
0.33621728 0.89970879 0.50978654 0.38094681 1.06264772 1.07024833 0.59864638 -0.22354195 0.72430128 -0.18521835 
-0.09938093 -0.44131635 -1.20978187 -0.78821970 -0.42235001 -0.87697601 -0.44569036 -0.56267339 -1.57214863 -1.00056428 
0.18883206 -0.16116749 -0.13023354 -0.26439371 -0.43352115 -1.13567444 -2.06720247 -1.49134514 -1.81168259 -3.72586638 
-0.66875656 0.09196523 -1.08629006 -1.32628021 -0.94039549 -0.19395353 -1.05048922 -0.02974249 -1.37043644 -0.35478440 
-0.85854049 -0.06395814 0.34804973 0.07914407 -0.57963463 -0.08728246 0.24199397 0.92411227 -0.52541293 0.75165139 
-0.64882661 0.69387583 -0.59254121 -0.65984347 -0.78586869 0.42195761 -1.03955683 0.14582608 -0.53881939 -0.43075969 
0.81971771 -0.97164432 0.05974937 -1.57643013 -0.78894450 -1.99289535 -2.26886152 -2.91415571 -1.40689457 -2.85862763 
-0.94716296 -1.07984918 -1.15874849 -0.66976735 -0.29795271 -1.42359865 -2.18353872 -1.72876591 -1.07806739 -2.71157500 
-0.20542696 -0.63427145 -0.26791883 -1.67524082 -2.00245169 -1.08489752 -0.92886231 -2.16280137 -2.34625323 -2.33819526 
0.31254058 -0.08329485 -0.97484937 -1.07988455 0.03211493 -0.82630020 0.75278439 0.19121352 -0.10438203 -0.04387283 
0.17628588 -0.66658097 0.26172429 0.79382684 -0.35017999 -0.22751993 -0.27977713 -0.51184961 0.53053753 -0.38518608 
-0.34438198 -0.58658206 0.00050104 0.48153854 -0.00983995 0.30342884 -0.47923745 0.09187676 -0.47038428 -0.63693549 
0.65191860 -0.56751139 0.02057703 0.09565588 -0.20953330 0.14454921 -1.40290355 -1.04222352 -1.56348562 -0.55942791 
-0.17808196 -0.01935024 -0.42562254 -0.19599477 -0.79858018 -0.54341373 -0.33900477 -0.61144245 -0.20046998 0.19337982 
-0.42605704 -0.25462157 0.17582817 -0.84065376 -2.11842661 -2.40330316 -2.46695660 -2.52470913 -2.96411540 -2.87489890 
0.22779027 -0.24310931 0.23292704 -0.06948545 -2.27766573 -1.05015305 -2.54716612 -1.88123056 -1.98934699 -2.40376544 
-0.30689157 0.21322079 -1.09158346 0.28517302 0.65901085 -0.49935997 -0.94254395 -0.35557519 -1.58592266 -1.42975171 
-0.56544944 -1.39157223 -0.00360540 -0.05902272 -1.98319884 -1.66687389 -1.06799976 -2.09919938 -2.42511525 -1.81615938 
0.33885287 -0.14562539 -0.25562895 -0.37357023 -1.87954356 -1.92711400 -1.57509660 -1.71087660 -2.88369192 -1.90044612 
-0.11123306 0.31827446 0.29441822 -0.95964425 -0.89968590 0.15336380 -0.27130387 -1.22047983 0.10313809 -0.91887408 
-0.04806637 -0.26413724 -0.34718680 -1.12892269 -0.05885762 -1.08767094 -1.24934308 -1.60068713 -1.70118451 -1.41717387 
0.66302356 -0.48175878 -0.70430183 -0.44121693 -1.15549288 -2.26702833 -0.80310547 -2.12944402 -2.50139517 -2.69652233 
-0.52861690 -0.85845387 -1.31615707 -1.66533073 -0.63010106 -1.76070450 -1.11573317 -1.76667755 -1.49254568 -1.97487161 
-0.30631752 0.20623441 -0.65989980 -0.38439080 0.20291420 -0.42149775 0.84676079 0.56590018 -0.37284320 0.54444714 
0.05089486 -0.47258495 0.12054060 -0.35289913 -0.36479765 -1.40832190 -1.16472507 -1.89690925 -1.31041730 -2.27262781 
0.23684096 -0.30041171 -1.04065170 0.28165379 -0.52351893 0.34368536 -0.53973840 0.53761156 -0.22649852 -1.39215570 
0.89000528 0.27118638 -0.11879187 -0.75680001 -0.09397892 -1.65042148 -0.47693990 -0.67762822 -2.23631905 -2.57646504 
-0.43830399 -0.48928950 -0.27412662 -1.09317290 -0.52427908 -0.10515682 -1.21838835 -2.19660544 -2.05890505 -0.88255421 
-0.40308265 0.73258143 0.00042477 -0.96980216 0.49811276 -0.44848279 -0.89784585 0.50347894 -0.53286311 -1.26170350 
0.25948566 0.75684740 0.41634811 -0.02949799 -0.81750949 -0.44999597 -1.61072733 -1.75405229 -1.34161560 -1.36742877 
-0.52479192 -0.89304132 -0.35853172 -0.08539059 -0.53592193 -0.72371238 -1.51442900 -2.90859107 -2.45299407 -3.44224378 
-0.35974186 0.37277831 -0.68501426 -0.15171339 -0.47088387 -0.43653464 -0.49367791 -1.21122351 -2.46691778 -2.54867179 
-0.53992988 -0.17306253 -1.45948129 -0.49075876 -1.52262300 -1.71968310 -1.03507218 -1.17279414 -2.16428607 -2.09486503 
-0.36612464 -0.52689664 0.19174127 -0.43560223 -0.32116116 -1.05763588 -0.71977073 -0.46639770 0.05047252 -0.68685509 
-0.51891663 0.04869178 -0.43927862 -1.39822923 -1.06333956 -1.26303679 -2.11330627 -1.93548632 -1.57899704 -1.54464704 
0.59858700 -0.76135953 -0.33645726 -0.05477356 -0.39914756 -1.26269896 -0.18671885 -1.54526144 -1.08308629 -1.66065785 
0.25956007 0.07584527 -0.68001201 -0.91532607 -0.88049564 -0.16180727 0.25936354 0.53320560 -0.58490014 0.41441602 
-0.69136234 -0.69265377 0.37464514 -0.77916657 -1.05604780 -0.73089530 -1.55533375 -2.11461214 -2.16160133 -2.60166625 
0.23189496 -0.48127421 -0.57715294 -0.51302957 -1.44523382 -0.00481201 0.03151987 -0.92713399 -0.84097378 -1.03606919 
0.46728985 0.28286396 -0.81969317 -0.85675686 -0.05413072 -0.79629830 -1.18315140 -1.30647322 -0.65334633 -0.75791190 
0.29842321 0.24742577 -0.66170537 -0.23536300 -1.49661581 -1.15310844 -2.05876740 -2.97349756 -2.46345166 -1.89580438 
0.83114802 0.57523218 -0.17953282 -1.10464797 -1.02227227 0.59906436 -0.90103047 -1.22079298 -1.20167642 -1.30896818 
0.80735618 -0.71487487 -0.54456721 -0.51402960 -0.45887285 -1.39973940 -1.50560483 -0.81743000 -1.45690565 -1.82005749 
0.51140925 -0.82593766 0.85725409 -0.95285617 -0.31102199 -0.24103069 0.02092997 0.17052610 0.14917094 0.47562171 
0.02506846 -0.90140886 -1.26494863 -0.52182049 -0.78923265 -0.21103037 -1.94577581 -1.56291529 -1.05894434 -1.02143233 
0.52923607 -0.37654594 -1.43745593 0.11452137 -0.89470072 -2.02674842 -1.63333262 -0.80046857 -2.03610205 -2.77717929 
0.10318136 -0.25075265 -0.90704634 -1.79874584 -1.90187297 -1.97358689 -2.09757485 -1.12977532 -2.12514970 -1.48499553 
0.38800862 -0.99254130 -0.35909140 -0.39950382 -0.88724024 -1.15481889 -1.70724028 -0.41380343 -1.64251935 -0.94116413 
-0.47645081 -1.36553501 -0.12376489 -1.86500380 -1.11138531 -1.81096486 -2.15761954 -2.91187722 -2.07734164 -3.56339775 
-0.22286620 -0.61598159 -1.04525349 -0.52882868 0.45946305 -1.28908650 -0.18229800 -0.87161013 -1.57125719 -1.49571521 
0.76456790 -0.85376332 -0.80748951 0.18123814 -0.42565820 0.31020579 -0.29056183 -0.33377415 -1.77102237 -1.71423594 
-0.44614131 -0.11566483 -1.17516488 -1.11993377 -1.17811342 -0.98642288 -0.73838925 -1.51829492 -1.88322110 -0.87097105 
0.02853507 -1.11523684 -0.25867222 -1.04114443 -1.68160111 -0.37965660 -1.25074074 -2.60134510 -1.58682420 -2.97929262 
0.43788719 0.08959700 -1.06856403 -1.19016637 -0.15925443 -2.03781652 -1.40885535 -1.30039005 -2.61564734 -1.71110208 
-0.36800127 -1.17376998 -0.49603967 -1.64191045 -1.26409302 -0.87577619 -1.24143806 -1.45326914 -2.10040874 -2.50341366 
0.02230230 -1.04817945 0.57742149 -0.66846537 -1.58601409 -0.67229821 -0.57308880 -1.26059438 -1.26280022 -2.20066318 
-0.09259888 -0.61631448 -0.02111976 -0.96546855 0.45721242 0.07928644 -0.46076560 -0.68267668 0.20914990 -1.00827061 
0.40517235 -0.69087520 0.00743354 0.84620137 -0.51659088 0.80140455 -0.23973443 0.16935627 -0.14893576 0.09043429 
-0.74507170 -0.30686961 -0.50815782 -0.96223247 -0.49641770 0.60358578 -1.34639346 -1.32673667 0.17719085 0.34425042 
-0.15682694 0.40606079 -1.00666481 -0.12270591 -1.32175859 -1.45582270 -2.55806391 -3.01379168 -2.19245012 -2.46193715 
0.60120949 0.60758832 0.23549237 -0.06356727 -0.85051219 -0.51406687 -0.57486843 -0.53275181 -0.54246987 -2.16065772 
0.44190290 -0.81035197 -0.11266933 -0.31458296 -1.47236138 -0.87832218 -1.99484240 -1.83671815 -2.60991043 -3.01811426 
-0.18843438 -0.46182618 -1.26766158 0.19637828 -1.15888021 -0.50256266 -1.72280288 -1.18612796 -2.42395956 -2.22309901 
-0.04900234 -0.22631793 -0.04042510 -1.46058598 -1.33573278 -1.89877725 -0.76674771 -0.83242750 -2.51132954 -2.81314766 
-0.26007756 0.08496686 -0.72006540 -0.61054720 -1.50169575 -1.05419950 -1.62170602 -1.98216878 -0.54826001 -1.29944482 
0.85443512 -0.69582146 -0.09297034 -1.59633653 -0.58272911 -2.41148539 -0.82659894 -2.95546278 -2.77459425 -2.77389403 
0.56524107 0.70787125 -0.87207032 -0.86167029 -0.40249976 -1.15616935 -0.00632041 0.29815339 -0.42670052 -0.17949943 
0.33651902 -0.59206007 0.48784838 -0.61125259 -0.08918591 -0.83219423 -0.82190258 0.86645508 1.08721684 -0.01694896 
-0.56226564 0.04266906 -0.16946287 -0.12459624 -0.55915673 0.35834907 0.88776551 -0.19286608 -0.64020261 -0.38046048 
0.79534080 0.01071748 0.28329276 0.70349777 1.03055122 0.19907343 0.38375339 0.89054806 0.44706029 0.13581884 
0.04122134 -1.10080871 -0.13405118 -0.33844961 -1.52822122 -1.80684391 -1.11989436 -1.67087651 -1.03231824 -1.71605771 
-0.79967605 0.87632567 -0.97431272 0.66837884 0.72951464 -1.16859971 -0.29372763 -0.19337906 0.07623123 -0.54567988 
-0.27329839 0.31636082 -0.10583092 -0.05226341 -0.45991197 -2.24449762 -1.65646293 -1.61249423 -2.41206046 -2.47473729 
-0.88168919 -1.09387363 -1.56610193 -1.16982865 -1.79901527 -1.64310572 -0.58792696 -2.34367251 -2.78693266 -2.13079509 
-0.92626023 -1.08534658 -0.03281952 -1.08604943 -1.14254735 0.05176515 -1.60069802 -0.83293206 -0.32755472 -0.37145740 
0.63287364 0.25429172 -0.40742704 -1.27424103 -0.60910689 -2.25224662 -1.00678074 -2.89228743 -2.66154688 -2.95036774 
0.56038588 -0.28736624 -0.52385568 0.04671562 0.25311384 -1.47748820 -0.03803863 -1.79248887 -1.74005029 -0.82275755 
0.33376195 0.34931740 -0.06467988 -0.71156027 0.25914269 -0.96843940 -1.28130778 -0.46061799 -0.34928341 -1.56985929 
0.23264320 -0.41675924 -0.82279189 -0.50040576 -0.51909530 -0.52217399 -2.07206004 -1.70382241 -1.76356098 -1.51386431 
0.10160253 0.41540046 0.24471431 -0.17619993 -0.31527991 -0.37293999 -0.06488176 -0.14524100 0.25811330 -1.34325679 
0.98079951 -0.00167446 0.56127094 -0.56373636 0.31559717 -0.42171339 -0.27158694 -0.58842352 -0.84103536 0.79154805 
-0.38211641 -0.56487904 -0.92103466 -1.87310221 -0.41404779 -1.81192091 -2.16522130 -2.95129614 -2.21139656 -3.55554332 
0.48628552 -0.41719198 -1.28496683 -1.35141572 -0.99219841 -0.64479837 -0.51244684 -2.25863382 -1.30820533 -2.35386379 
-0.68157884 -0.59808030 -1.12584992 -0.12186926 -0.83883940 -1.68833195 -1.91874578 -0.18253370 -1.57489363 -0.93494242 
-0.97874595 0.16255044 -1.00428654 -0.56162171 -0.44336830 -1.64612828 -1.72819168 -1.54951236 -1.19703546 -1.63789094 
0.05795527 0.25486604 0.71837540 0.53968404 0.07462163 -1.04625906 0.60987361 -0.62303606 0.63665766 -0.65809750 
-0.36208134 -0.73150886 0.08755180 -1.72027176 -0.40833352 -1.58536036 -0.80819341 -2.48315490 -1.17595620 -1.52826240 
0.77559754 0.15895674 0.20378247 -0.25610207 -1.98558496 -0.97563313 -1.67575775 -1.15599619 -0.93599159 -2.90525689 
0.69440683 0.50493208 -0.64299207 -0.22411296 -1.53876384 -0.67505646 -1.75357354 -2.03910879 -1.36526167 -1.39433695 
-0.47577734 0.01788886 -0.06732801 -0.99670898 0.15460778 -0.99605208 -0.49838749 -0.85316905 -1.22767761 -1.39971350 
-0.63040159 -0.94222299 -0.68947498 -1.57588620 -1.60091608 -1.39412157 -0.87833684 -0.82912695 -1.90400767 -1.69177616 
-0.58155458 -0.73266096 -0.30434446 -0.31800466 -0.70118597 0.00526944 -0.03352896 -1.03079228 -0.95735746 -1.65103735 
-0.60075292 0.26137112 -0.53938950 -0.17287792 -1.58490502 -2.09304840 -2.20763281 -1.49893510 -2.55004694 -1.89484697 
-0.53135311 0.21573365 0.12629043 0.77014539 -0.47847997 0.22465213 1.12868003 0.34132783 0.84841426 -0.30897084 
0.70423174 -0.15895900 -0.91621318 -1.12465468 -1.12560741 -1.37124023 -1.77226492 -2.32049685 -2.68225553 -3.47986159 
-0.58665671 0.80897686 0.57003350 -0.06108085 -0.33635586 0.33512713 0.74111655 0.70024790 0.27376841 0.67084663 
0.23845390 0.25481541 0.33472879 -0.36219223 -0.11515154 -0.50011780 -0.32025394 -2.14074804 -1.98995976 -0.86757808 
-0.99217414 -1.31386452 0.28873257 0.04461920 -0.91713969 -1.24910259 -1.15210913 -0.64738124 -0.89588226 -2.02251070 
0.03144564 0.45763765 0.24309667 -0.55268623 -0.66934857 -1.35248160 -1.30870085 -1.64355207 -1.54675616 -0.46526284 
-0.29692914 0.23170017 0.65866164 -0.02452076 -0.97976746 -1.08301296 -1.20613261 -0.62745873 -1.35213595 -1.46660593 
-0.51801563 0.60439615 -1.16792027 -0.97986208 -0.57179151 -0.95108664 -1.39034189 -1.63148771 -1.84835668 -3.09260876 
-0.88903973 -0.57726537 0.66617570 -0.08553077 -0.21469570 -0.80236056 -0.06189295 -0.51724777 -0.40489769 -0.71998473 
0.21154732 -0.25051553 -0.17627357 0.94645392 0.47809225 -0.10425421 1.09901295 0.14393533 -0.18785731 0.56971491 
0.88985019 -0.60403647 -1.08066869 0.49338580 0.42187995 -1.06456674 -0.87301911 -1.48162218 0.13830473 -0.13934533 
0.28841255 0.61681411 0.66674701 0.40970949 0.72059971 0.09150075 0.83790541 0.52512448 0.29531894 -0.34104670 
-0.55536777 0.23099773 -0.61735535 0.22807611 0.45471780 0.32590250 -0.73258255 0.28557514 0.18888001 -0.57640245 
0.85087119 0.68274839 0.39517600 -0.52872597 -0.78562570 -0.25470994 -0.49132761 0.00663599 -0.70004807 -1.01756591 
-0.27275320 0.49622776 -0.44529960 0.85102802 0.66414529 -0.07080121 -0.01476497 -0.11701475 -0.87873531 -1.12034578 
0.79652764 -1.27342605 -0.86467527 -1.99477632 -2.28481112 -0.99141874 -1.29785582 -2.15303160 -2.38699974 -2.08215662 
-0.42607321 -1.01673461 -1.10975876 -1.28383166 -1.73611631 -0.54195183 -1.70371329 -1.62307438 -2.25794659 -2.59084458 
-0.16268441 -0.21228260 -0.83096059 -0.04449777 -0.97527453 0.41222506 -0.34697462 -0.17635496 -0.98872751 -0.48048740 
-0.43162109 -0.54995315 -1.46602887 -0.67861290 -1.25005171 -2.18063650 -1.13289065 -1.93857215 -2.88012128 -2.14750255 
-0.03370356 -0.60261352 -0.46627856 -1.88703232 -2.00523642 -1.01732311 -2.15200435 -2.55857645 -3.36777404 -1.95471629 
-0.53818789 -0.75662469 -0.80168963 -1.06639689 -1.71892708 -1.61843545 -1.13895492 -2.13743773 -1.87385882 -1.15225495 
0.52185035 0.77806439 0.35438058 -0.61804317 -1.57712350 -0.80740313 -0.96733471 -0.06377583 -2.07794790 -0.85626913 
-0.70394080 -1.14474626 -0.21964902 -0.07175000 -0.85257435 -2.10179645 -2.20498422 -2.90221117 -1.45446926 -3.15176175 
-0.10623319 0.32021222 -0.75853889 -1.03393242 -0.76635122 0.36525068 -0.61172799 0.24673820 0.36933908 0.75429576 
-0.67178606 -0.26351718 -1.59510623 -1.88037126 -1.15330642 -1.42153612 -1.70257036 -2.40436031 -2.62428551 -2.41627883 
-0.78833855 0.18659029 0.19855430 -1.06189236 -0.29742826 0.32127344 -1.19632257 0.08637699 -0.29386251 -1.78041558 
-1.06064434 -0.90304932 -1.24669915 -0.12697480 -1.03182235 -1.94837665 -2.42393681 -1.13959283 -1.33305005 -2.06645895 
-0.43817907 0.21048537 -0.73780431 0.21418345 -1.18365799 -1.13041523 -1.04194016 -1.36005900 -0.58733074 -1.18783174 
0.32741990 0.51453569 0.07404063 0.89867246 0.30659203 -0.47160065 0.35590011 -0.62872885 -0.40905640 0.80166979 
-1.05712110 -0.08450640 -0.01852851 -1.01915762 -1.22052180 -1.68345046 -1.77477932 -0.62059541 -2.50643334 -2.09039052 
-0.80216443 0.04790152 -0.96678956 -0.26775558 -1.50991024 -1.12642223 -1.70632801 -1.33473403 -1.45940030 -3.17724552 
0.24724004 -1.18652062 -1.46971135 -0.15401119 -1.51137440 -1.80249408 -1.58256893 -2.44172415 -1.60564891 -1.65865632 
0.70220403 -0.72805382 0.09683302 -0.27177876 -0.33197451 -1.11943778 -1.27431246 -1.35913445 -0.70926480 -2.26858959 
0.03682038 -0.98625749 0.41268841 -1.65784703 -0.39624781 -2.01583905 -0.38522934 -1.96433872 -1.80145625 -2.78814274 
0.04158374 0.71518677 0.94592614 1.01779365 0.60499314 -0.05753814 0.91225500 -0.59614726 0.12917456 0.74190542 
-0.80658775 -0.69833117 -0.81170379 0.80458489 0.48958447 0.65691678 -0.17889320 -0.84772158 -0.40734006 -1.25159170 
0.33685429 -0.64209055 -0.27973762 -1.33907587 -1.00719968 -1.57340239 -0.73823621 -2.50006787 -2.83158208 -3.08721257 
-0.96485410 -0.60609665 -0.73477615 -0.73863596 0.34138741 -0.39197131 0.74252743 -0.04412960 0.78557935 0.12252527 
0.51401374 -0.20119932 -1.45049635 -0.02668632 -1.01491849 -1.58796516 -1.32129889 -2.85348328 -2.03422646 -1.84463769 
0.41772573 -0.48071672 0.79473608 0.71135155 0.53359427 -0.93135502 0.30581836 -0.01327023 -1.05937505 -0.68188845 
-0.89057003 -0.94371349 0.84863443 -0.88078363 -0.54175153 -0.62484429 0.65358207 0.67141230 -0.92523404 -0.18366065 
0.76282851 0.27375251 -0.42614862 0.09286826 -0.62444885 -1.17774934 -0.83642997 -2.66416066 -2.78542678 -2.60250348 
-0.99412241 -0.97377014 -0.28640177 -0.92901166 -1.35374534 -1.12035786 -1.51021442 -1.21393831 -1.13391685 -1.70410012 
0.22094976 -0.16571538 -0.18442460 0.41561033 -0.12530080 -0.82445300 -0.75795104 -0.62931034 0.88423531 0.22008045 
0.66475053 -0.53147828 -0.00299318 -0.10182244 0.08554693 -1.92001377 -0.78961275 -1.82002193 -2.06141286 -1.45935753 
-0.10065552 0.96104536 0.77321792 -0.72919011 -0.24588138 -0.68095004 0.04837882 -0.24730534 -0.94550068 -0.51460249 
0.60863918 -0.87755509 -0.10065239 0.51122624 -1.00976692 -0.07468161 0.10653403 -1.03905516 0.17523541 -0.63972550 
-0.61538945 0.13628238 -1.25776346 0.18365312 -0.66340205 -1.66290342 -0.64676985 -2.53495811 -1.71589066 -2.53817797 
-1.07567097 -0.89292400 -1.55894875 -0.55098101 -0.91096239 -2.48670212 -2.21216638 -1.52371807 -3.48313708 -2.73960638 
0.21251388 0.62038487 -0.70225877 -0.16958608 -0.58567575 -0.33089845 -0.66579633 -1.43966838 -1.14113698 0.12606342 
-0.98089656 0.28300600 -1.25279397 0.10565918 -0.10826278 -0.59991230 -1.71975603 -1.33924698 -1.92516514 -2.11728169 
0.82992461 -0.38666708 0.57199441 -0.46320405 -0.27379425 -0.07084906 0.38632149 -0.84251790 -0.32594115 -0.19050067 
0.35777069 0.03163803 -1.19477612 -0.32486617 -0.61099168 -0.38660932 -0.66181882 -0.73365097 -1.42295795 -1.93598951 
0.38891991 0.23459356 -1.28153488 -0.59414037 -0.51666628 -0.11520060 -1.96287396 -2.41667632 -1.14414557 -2.39525475 
-0.17735957 -0.49689828 -1.39393789 -0.61077393 -0.38229132 -0.43309757 -0.33986264 -1.30284381 -2.64660752 -2.51259151 
-0.73097014 -0.22465998 -0.13334768 -0.91356892 0.17591117 0.06345737 -1.07452462 0.23077561 -1.02675369 -0.93791036 
-0.94782711 0.32625094 0.17284590 0.13092185 0.11798524 0.22566771 0.24719672 0.71843163 -0.84014332 0.81616341 
0.25303301 0.07353756 0.05702174 -0.28495459 -0.64959470 -1.13576912 -0.23404737 -0.34733816 -0.68980766 -1.05421215 
0.48358580 -0.88645403 -0.43033500 -0.95428369 -1.49451849 -1.75274162 -0.59993758 -2.59805719 -1.73961667 -2.83410446 
0.94182582 0.93410619 -0.07869149 0.79651713 0.43256490 -1.17219142 -0.98856268 0.26252337 0.55189405 0.27030962 
0.00210574 0.61866542 -0.90612728 -0.09146417 -0.86908263 -0.85697189 0.75968590 0.89375791 0.30505333 0.24660698 
-0.97210453 -1.23527887 0.31906784 -0.65504017 -0.83597407 -1.53268966 -2.15636798 -1.31566316 -1.77335058 -1.58224750 
0.78610103 -1.06151553 -0.52721455 -0.65581484 -1.19234136 -2.26013145 -2.26475733 -1.49282640 -1.67905941 -2.50516136 
-0.00889763 0.16390643 -1.08509562 0.11544966 0.58596593 -0.25142473 0.16878556 -0.42836103 -0.58034031 0.38384811 
0.69634203 0.05874717 -0.78914988 0.47941942 -0.11528637 0.51650441 -0.94662922 -0.28870738 -0.70169806 -0.00579471 
-0.60207851 -0.66436610 0.41972949 -0.99946619 0.54146514 0.15861945 0.06308358 0.60165600 0.44455112 -1.14065040 
0.84015289 0.09516863 0.28302874 0.43383267 0.23173852 -0.87671583 -0.76722892 -1.37015264 -1.39053560 0.36081017 
0.01022051 0.51759815 -0.04459619 0.14801730 -0.63949722 -1.50407978 -0.99553447 -1.78586150 -1.92227839 -1.95286733 
-0.56934798 0.15642174 0.26297300 -0.50509661 -0.61475132 -0.62721126 -2.32838633 -2.83233166 -1.73917576 -1.88370167 
-1.01286758 -0.37286157 -0.11975008 -1.68761714 -2.13168650 -0.75594218 -0.93213515 -2.45854784 -2.89502998 -2.35246704 
-0.71203100 0.08255186 0.91149382 0.51419748 -0.65253228 0.24888713 0.29931090 -0.46196140 -0.99347461 0.57292038 
-1.12929212 -1.29390706 -1.39181436 0.06283069 -0.32576403 -1.81399227 -0.95647527 -2.88553587 -2.08878473 -2.33530651 
-0.18887356 -0.43131057 -0.56663008 -1.02267986 -1.58640203 -0.46623529 -1.25432717 -2.34061889 -2.30748177 -1.79139862 
-0.53738143 -1.08779390 -0.42711087 -0.64534870 -1.05094368 -0.76511013 -1.52122014 -2.13584104 -1.33762522 -1.58389812 
0.82035305 -0.51710340 0.76078107 0.53772822 -0.55384093 -1.39910472 -0.25596992 0.20022655 -0.54672927 -0.75266591 
-0.83374093 0.35542768 -0.34081870 -1.22334964 -0.84987483 -1.45321203 -1.57220261 -1.48560906 -0.74318236 -2.08788996 
0.09965642 0.80625657 -1.01551420 0.17243643 -0.90962581 -0.41335641 -0.87322710 0.08337428 -0.46128610 -1.61401433 
0.17159112 0.34436143 0.06438244 0.42069903 -0.53398912 -0.50586590 0.13234349 -0.17168064 -0.64114508 -0.13782349 
0.19964107 0.53916299 -1.08833009 -0.17860449 -1.45574115 -1.27999225 -1.96145584 -0.35028684 -2.07845990 -1.00521832 
0.43887184 0.93588199 -0.43614191 -0.07032277 -1.01227284 -0.37813402 0.65891442 0.29519837 -0.69456569 -0.14783418 
0.52702668 -1.32001710 -0.96215181 -1.57423967 -1.03387127 -1.44548345 -2.08292742 -1.82326635 -1.45903488 -2.76146566 
-0.44708607 -0.66874640 -1.24616475 -1.37073218 -1.70384533 -0.93227572 -2.47334084 -1.63573697 -2.16778816 -2.89430764 
0.85153298 -0.20701165 -0.44289758 -0.39272935 0.80468249 -0.49788204 -0.30094745 -0.20209020 -0.90339181 -1.00772323 
-0.59080525 0.19829137 -0.95150630 -0.09400926 0.90756868 -0.39608584 0.27230039 -0.45087613 -0.32053270 -0.19487982 
0.25030804 -0.03357740 0.64944594 -0.68180204 -1.25079720 -0.50540773 -1.39608744 -1.18473330 -0.94463656 0.32324448 
-0.67967879 -1.17570576 -0.99381514 0.03972302 -0.47339058 -0.37372314 -0.95108387 -2.12924343 -1.49189021 -2.52317877 
-0.94212918 -0.41535919 -1.24037559 -1.27469448 -0.70542438 0.33409163 -1.35243658 -1.13626456 -0.45395483 -0.14106848 
0.56105596 0.37059793 -0.90102502 -0.20013938 -1.49564145 -0.45609517 -2.04377287 -0.79825747 -0.60963449 -2.51839406 
-0.19921437 -0.30106722 -0.23735547 -1.25799549 -1.58719090 -2.45688113 -0.95618137 -3.04437922 -1.73630462 -2.49844243 
-1.02384604 -0.51030399 -1.53056412 -0.12841149 -1.14160517 -1.37429494 -2.49010031 -2.02900130 -2.71385764 -2.72031996 
-0.59574288 -0.33627887 0.48987411 0.72777439 -0.38399729 -0.33975794 -0.06639793 0.33264131 -1.34381512 -0.26204895 
-0.65077422 -0.17212290 0.26931867 -0.33420737 -1.99395335 -1.81477489 -1.31583561 -1.72388140 -1.22282942 -1.29035851 
-0.26364343 -0.27234895 -0.26682972 -0.83017402 -0.54264260 -1.13488651 -1.43067161 -2.46235163 -2.71072755 -1.99171865 
0.41616308 0.31033216 -0.45341003 -0.52471096 0.08245090 0.20169057 0.40603338 -0.56407891 -1.60170178 -0.27527217 
-0.05632459 0.40449821 0.27931498 -0.09816085 -0.50920001 -1.53056380 -1.79983785 -1.16420945 -1.82396026 -2.29172694 
0.11992505 0.12460114 -0.95543456 -1.51011955 -0.85526540 -0.64906692 -2.19682563 -2.54255900 -2.03946195 -2.93973797 
-0.70787201 -0.98001557 -0.82393226 0.66085247 -0.44183880 0.02978200 -1.02566117 -0.63588677 -0.69582969 -1.66115345 
-0.93133052 0.43374650 -0.91682012 0.41472924 0.51055065 0.13241366 -0.90566838 -0.62524297 -0.88799856 -0.53870975 
-0.21050139 0.93964446 0.22688860 -0.57828647 -0.80099868 -0.62785928 -0.11583835 0.05566436 -0.90492678 -0.79042760 
0.12463193 -0.20279793 -0.55137426 -1.25963444 -0.10921428 -0.49331827 -0.75203823 -1.05718413 -1.64604171 -1.62511290 
0.60162982 0.58532638 -1.32923937 -0.44743086 -0.84597484 -1.83869622 -1.23550718 -1.49723214 -1.07574481 -2.50340942 
-0.99945540 0.56763021 -1.15903593 -1.17277889 -1.33568848 0.16023800 -1.67151374 -0.32389476 -0.73594908 -0.73103997 
0.37895819 0.06345497 0.30406224 0.08580232 -0.44061726 -1.16014185 -0.45994282 -0.34321228 -0.55356577 -1.88888715 
-0.22428415 0.13770247 -0.43409636 0.17009670 -0.93600796 -1.07239571 -0.47689298 -1.96352105 -1.90412740 -1.33354074 
-0.44964992 1.01614312 -0.75875894 -0.91172318 -0.56029625 0.65159135 0.89806838 0.45354031 -0.35907606 0.56504315 
-0.93955968 -0.05433984 -1.56121891 -1.87249427 -0.85910899 -2.26340842 -0.89317311 -1.72719976 -2.08263760 -3.02657354 
-0.11473402 -0.20772501 -0.28836046 -0.53350260 -1.35203919 -2.13738224 -1.89451965 -1.66847948 -1.74193945 -3.11455691 
-0.85431882 0.62709638 -1.27140104 -0.13621620 -0.22733821 0.20944553 -0.45423073 -0.43834917 -0.97652639 -1.35357934 
-1.04728294 -1.06785442 0.04070431 -0.47106528 -1.47294977 -1.92446806 -1.17264652 -2.42626525 -2.35962535 -2.73435709 
0.59076503 -1.10203340 0.48723836 -0.18016883 0.29283459 0.16156068 -1.25413390 -1.74653550 -1.43628751 -2.05376907 
-0.95004771 -1.13188948 -0.16022422 -0.25307397 -0.80256932 -2.01480517 -0.61384217 -1.72922732 -2.88119549 -2.52935495 
-0.07398852 -0.13025771 -0.32253555 0.54189227 -0.62565355 -0.89902592 -0.02162785 -0.15517641 0.64828816 0.78833583 
-1.02232911 0.30130030 0.25583709 -0.12286682 -1.85224394 -0.94395280 -2.55595796 -2.50049675 -1.42984479 -1.58727326 
-0.93423102 0.23191836 -0.81444585 -0.40402694 0.10205756 0.09552116 -1.02165796 -0.36671570 -1.21777350 -1.57954548 
-0.35334352 0.13672260 -1.49371526 -1.11310491 -0.33475486 -0.94273196 -0.92945614 -2.80581650 -2.17931968 -2.64755228 
-0.59287369 -0.43938118 -1.05160526 -0.95497539 -0.80254728 -1.13889825 -2.11121387 -1.20994865 -2.30167294 -1.28292290 
0.01816703 -0.74237380 -0.68527026 -0.97652209 -0.50432661 -1.56225099 -0.77580686 -1.33633323 -0.77320543 -1.47918772 
-0.98622143 -0.40457458 0.33336354 -0.48297795 -0.25716056 0.42216017 -0.44602685 -0.41024612 0.13812553 -0.74466105 
0.72677279 -0.61391170 -0.06058482 -0.37902962 -0.79482411 -2.16926262 -0.82169792 -1.08198319 -1.03180184 -2.07863409 
0.41550021 -0.95585056 0.86010790 0.26094084 -0.36287915 0.55077169 0.63130455 -0.65877332 -0.95496963 0.06478738 
-0.72618775 0.67682548 -0.77924762 0.11562427 0.43767786 -0.38003653 -0.85254247 0.78864720 0.25662724 0.36497277 
-0.63310948 0.04586830 0.24441903 -0.85524842 -1.86027497 -2.24975158 -2.19199942 -1.60576975 -2.91025932 -3.49622651 
-0.86476683 0.62418982 -0.15928845 -0.42927420 -1.27289095 -1.12192342 -1.07152095 -0.79246237 -1.34176767 -1.99770467 
0.66686855 -1.03180815 -0.24152158 -0.63135962 -1.10190293 0.79291520 -0.22407271 0.15992992 -0.67550643 -0.68862162 
-0.92322491 0.29515109 -0.38454792 -1.04074466 0.04324578 -1.60504483 -0.68189799 -1.66673358 -0.11569430 -0.27592030 
0.55607400 -0.37992151 -0.35061024 -0.94224952 -1.45041063 -0.50832368 -1.16229934 -2.30431726 -1.50610613 -2.88789481 
-1.03349263 -0.85703252 -0.31911442 0.03674444 -1.20631155 -2.36715907 -2.71171000 -1.97899421 -2.56103379 -2.00248253 
-0.49478517 0.18486648 0.24395746 0.13808819 -1.28121845 -1.01010791 -1.12431038 -1.94176515 -2.20693774 -1.72971493 
0.73778231 -0.38408655 0.35993388 -0.91577928 -0.41387506 0.00771752 -1.48584616 -0.38495439 -0.95429492 -1.84517861 
-0.20224906 -0.44061010 0.47658661 -0.87524194 -1.10959059 -1.24901460 -0.39349334 -0.31107421 -0.68475210 -1.00793515 
-0.71515543 -1.07223659 -0.10348140 -0.15871683 0.14939858 -0.72883743 -0.77859615 -2.28715672 -2.06696278 -1.43826711 
-0.72634987 -1.30992303 -0.87509897 -1.50012531 -1.66592321 -1.83276173 -1.71048586 -2.05162275 -2.70097078 -3.00755061 
-0.81464082 -0.45347459 0.00027880 -0.74167088 -0.43322435 0.39396842 -1.25719056 -0.25272589 0.28016465 -0.03802348 
0.64858327 0.20034874 0.38976536 -0.83243675 -0.38182028 -0.74160620 -0.97404049 -0.08561180 -0.05069934 -0.08278950 
0.55398449 -0.49024734 0.41642062 0.21401232 -0.74566174 0.39408045 -0.55663668 0.35224666 -0.17437210 0.55368628 
-0.62215101 -0.00968387 -0.05823617 -0.73257474 -0.40235689 -0.16883795 -0.86510802 -0.76172473 -1.80104155 -0.53408995 
-0.12467617 0.45115540 -1.01046779 0.16291454 -0.92246380 -0.28627774 -1.22858406 -1.30215139 -2.09882202 -1.97869850 
-0.91138562 -0.56457927 0.60460098 0.21689879 0.50579293 0.52794749 -0.40087635 -0.73371535 0.21056646 -0.46125110 
-0.53672093 0.47772599 -0.16344022 -0.90050918 -0.53746318 -1.11485885 -0.71000335 -2.78061990 -1.38956872 -3.02226948 
0.20332713 -1.12517900 -0.41211272 -1.52837868 -0.97772508 -1.40296392 -1.05063858 -0.75891352 -2.35883462 -2.96463067 
0.59540452 -0.40383003 0.20257019 -0.99857606 -1.10880222 -0.86050412 -0.87464137 -0.24773962 -2.00107763 -2.16437047 
0.47673294 -0.64404240 -0.27644290 -0.31629166 -1.74479086 -1.45267922 -0.75957534 -0.91912604 -1.09747616 -2.04193639 
0.31541759 -0.94119710 -0.45246874 -0.75591757 -1.56832679 -0.88615233 -1.50094813 -2.82078111 -1.64328869 -3.73589330 
-0.28539955 -1.07378454 0.24575667 0.33694380 0.31732808 -1.20745118 -0.09973124 -1.14691842 -0.19324989 -1.76554046 
-0.88726644 0.09451481 -1.50020119 -1.26309080 -1.74497477 -0.76189743 -0.57121107 -1.34183974 -2.78808394 -1.17881344 
-0.33177106 -0.07569235 0.32120362 -1.42317635 -1.38993671 -1.19069005 -0.51931912 -1.09270205 -1.50525344 -2.54766675 
-0.92537255 -0.99397974 -0.37100412 -0.09291980 -1.05875014 -0.22417519 0.59461696 -0.16706997 -1.22981465 0.34223193 
-0.62538260 0.13484542 0.38704885 -0.88143767 -1.38993142 -0.98524683 -1.49688519 -2.34329900 -2.15402820 -2.02703844 
-0.80894038 0.01406458 0.45048516 -0.87034575 -0.32764246 -0.92457715 -0.58885624 -1.14031557 -1.27866461 -2.79698929 
-0.12827922 -0.44650399 -0.54127497 -0.38723303 -1.41688258 -1.41368083 -0.59839620 -2.13522346 -1.38159224 -1.66779307 
0.33948874 -0.55388637 -0.68349077 -0.21570704 0.36648768 0.23841717 -0.66392970 -1.34247003 -0.38046878 -0.94940514 
0.28097655 -0.45724906 -0.88733965 -0.57431804 -0.61532086 0.15461432 -0.39270635 -0.35407870 -0.70019743 -0.34153733 
-0.20511807 -0.40268851 -0.04131293 0.02643339 0.18723685 -0.00678646 -1.02920625 -0.88950781 -0.70027798 -1.28581038 
-0.95674848 0.40973039 0.18891899 -0.90744886 -1.50059150 0.00656678 -1.08497061 -1.13348532 -1.45791067 -1.76809449 
0.17666711 -0.08545291 -1.61277954 -0.28838943 -1.13112994 -1.07353036 -1.98190981 -1.35102723 -2.22769229 -2.50095937 
-0.88429680 0.48369791 -1.59209119 -0.67146195 -1.54209698 -1.25587250 -2.15149329 -2.44732070 -3.03452124 -2.20875249 
0.62994721 -0.63098003 -0.13821647 -0.12397946 0.12632629 0.51829300 0.18787450 -0.34444802 -0.16636878 0.28054977 
0.22378564 -0.70369557 -0.05109873 0.26634305 -0.35359441 0.45725948 -0.60256279 0.19515156 -0.03934609 -0.41006439 
0.28577889 0.21319014 0.67321164 -0.26835772 -0.49058385 -0.90550313 0.90482581 0.20870515 -0.90080723 -0.83329893 
0.24556799 -0.79389847 0.86386631 0.00708689 -0.67835504 0.08963426 0.34093272 0.05610908 -0.81257449 -0.76852512 
0.92167293 0.65674549 -0.57117852 0.41880321 -0.34267144 -1.15154620 -1.74450676 -1.65050000 -0.25675948 -1.87436303 
-0.53528770 -0.24598519 0.26506507 0.32636298 -0.61277022 0.22679984 0.23953147 0.43382113 0.65303545 0.81079351 
0.50595761 -0.87784557 -1.05676393 0.11773822 -0.84235583 -0.20190325 -0.37950640 -1.89070363 -1.31842833 -0.82643440 
0.81707923 0.52205539 0.56159743 -0.08012418 0.41403378 -0.49350548 0.46765179 -0.02489751 -0.22645576 0.67194057 
-0.05113204 -0.82891253 0.50284421 0.12850078 -0.25878229 -1.89226420 -1.12732486 -1.79590058 -1.83431600 -1.95549875 
0.50327598 -0.18255967 0.05979783 -1.76358652 -2.03978902 -1.73429828 -1.21017995 -2.00796095 -3.22513484 -2.31685104 
-1.06409381 -0.76239789 -0.63729590 -0.64288790 -0.55285439 -2.26773659 -1.57257426 -1.10002882 -1.16533071 -2.92347693 
0.88124018 0.30885274 -1.38864226 -1.28987276 -0.42454219 -0.92459933 -0.90502384 -1.22852894 -2.17784977 -1.29161253 
-0.62678338 0.69125441 0.60263101 0.80474543 0.34359794 0.41058037 -0.20935037 0.20186964 0.25711461 -0.85558965 
-0.02915272 -0.30751750 -0.33063734 -0.73048287 -0.40133005 0.45879544 0.14579945 -0.35346984 -0.83071525 -0.39548580 
-0.20618588 -0.59342220 -0.09038977 -0.50141146 0.15393667 -0.06421381 -0.94290762 -1.13678498 -0.56028835 -0.96634983 
0.50060096 -0.46997716 0.70797642 -1.00482498 0.33848863 -0.59896387 -0.99110668 -1.17340367 -0.41144753 -0.24244891 
0.44622901 -0.71458261 0.67685879 -0.32298344 -0.98895426 -0.23001170 -0.05497840 -0.04670533 0.18375004 -0.48317601 
-0.92574019 -1.15853708 -0.57919364 -0.24134920 -1.60402069 -2.34417007 -1.75134399 -3.03546823 -2.40758729 -2.85826983 
-0.74992162 -0.13872160 0.33747140 -0.58565681 0.49754786 0.51080399 0.34204588 0.19348020 -0.09120660 -0.35182029 
0.19358607 0.02144248 -0.18290593 -1.57828917 -1.04799266 -1.98111994 -1.59450803 -1.59197425 -2.92168192 -1.67341757 
0.52306710 0.65084929 0.45549787 -0.83787687 -1.25310303 -0.78254021 -0.54332691 -1.59187897 -0.97796245 -1.84921741 
0.34974467 -0.21045283 -0.67409509 0.58888150 -0.51430760 0.24155345 -0.65684114 -0.33435905 -0.43192100 0.06978600 
-0.88226697 -1.30887780 -0.42182036 -1.22516304 -0.61717917 -0.98350894 -1.19667493 -1.55434786 -1.50606521 -1.25653337 
0.56166512 0.31931787 -1.32494501 -0.18019343 -0.32683100 -1.74268136 -0.99566277 -2.86635669 -2.62437180 -2.33934391 
-0.57770535 -1.08762252 -1.15871539 -0.53685289 -0.20667433 -0.82591055 -0.70931033 -1.54692371 -2.25458943 -1.60088933 
0.38865267 0.79387480 -1.02429255 -0.46005645 0.68631525 -0.92349613 -1.21221717 0.23707927 -0.10611350 -0.44125523 
-1.08564951 0.39237973 -1.46641080 -0.71352831 -0.06385242 -2.24129392 -1.93448647 -2.31233030 -2.71851114 -2.06739924 
-1.06144158 -1.03764195 -1.47990763 -0.74891765 -0.73169360 -0.84743973 -0.82450292 -2.38015244 -2.63584954 -1.25429522 
-0.08344219 0.44141994 0.18342972 0.23410806 -0.47195402 -1.11117630 -0.36819064 0.03521754 -0.34989413 -0.58997848 
-0.52015970 -1.04548856 -1.09145380 0.15743230 -0.83534072 -1.91880343 -1.57376729 -2.56594904 -2.36563688 -1.68587916 
-0.80786405 0.21230585 0.14745136 -1.19340913 -1.29461851 -2.06511574 -2.05388936 -2.63117436 -1.89504202 -2.93404172 
-0.20794116 -0.03871624 -0.75665280 -0.57016003 -1.92867546 -1.19374640 -2.12538417 -2.26620462 -1.42284087 -2.60883764 
0.86701844 0.36219426 0.14885213 -0.24488460 -0.13096895 -1.19038102 0.13973800 -1.80323945 -1.83302491 -1.24288461 
0.92997884 0.82879300 -0.87823961 0.28942862 0.23503161 -0.12106756 -1.30161982 0.02853900 -0.72643557 -0.64570163 
0.02411302 -0.17031069 -0.45793187 0.08585784 -0.26088134 -1.43094041 -0.73790305 -1.62789568 -1.02075694 -3.02073272 
0.94414627 0.81586271 -0.72602358 0.46428617 0.72987715 -0.87408780 -0.00267444 -0.67279642 0.51637889 -0.30893724 
0.95328325 -0.42994194 -0.02425980 0.56456985 0.08541454 -1.25885699 -0.63970521 -1.02299993 -0.44461485 0.42097011 
-0.12816249 -0.52436118 -0.55931329 -1.33655954 -0.26870461 -0.92882442 -1.56982906 -2.15029334 -2.29999648 -2.79873433 
0.45623645 -0.85210278 0.13283170 -0.22993159 -2.16005801 -2.13432758 -2.82648630 -3.18343069 -3.23717801 -3.16710547 
-0.65253740 0.70560879 0.39563429 -0.58977584 -0.15514171 -0.69828235 -1.66042421 -0.36717494 -1.77890598 -2.25579218 
-0.06330156 -1.12106591 0.06457567 -0.94033514 -2.29767275 -1.64231471 -2.75497755 -1.95111792 -2.92999241 -3.12683291 
-0.87032445 -1.04743996 -0.73516129 -1.62339245 -1.49897165 -0.00259046 -0.40865848 -0.88197942 -0.58710938 -1.69547074 
-0.90583566 0.23877292 -1.07023912 -1.31820907 -1.41102868 -1.81288010 -2.40263277 -1.96461653 -2.11213003 -2.99842845 
0.90348997 0.77195254 -1.03391659 0.13027691 -0.32477331 -1.36360329 -0.43749200 0.04720936 -0.30764328 -1.87735797 
-0.57148443 0.17560330 -0.36842898 0.16256660 -1.32768778 -2.08643797 -1.44290309 -0.83304317 -1.92009996 -1.33753282 
0.77445291 -0.21579153 -0.42674315 -0.68647653 -1.28293975 -2.25727901 -1.75014855 -2.50844858 -3.27037068 -2.11057895 
0.29278848 -1.04144389 -0.40396308 -0.96504001 -0.15952825 0.15097083 0.17393028 -1.68118603 -0.20521156 -1.09477938 
-0.07666487 -0.62237398 0.46710155 -0.07239486 -0.65334024 -1.13160773 -1.06871765 -1.07011741 0.16347788 -1.23355100 
-0.40216452 -1.33436766 -1.14693724 -0.57330189 -1.32297806 -0.60072066 -1.98585341 -0.99010291 -1.11647352 -2.78318047 
-0.07716848 -0.59917527 0.03741373 -0.24054364 0.35977878 -0.63288169 -0.61952928 -0.98339985 -0.73442700 -0.58106351 
-0.06669168 0.18548830 -0.55534238 0.90868016 -0.93165720 0.80116325 -0.15687554 -0.96840335 0.35510363 0.08458170 
-0.27436906 -0.95666465 0.87712800 0.01851290 0.04225326 -0.34069933 0.53362972 0.80518443 -0.23426034 -0.38322510 
0.14754556 -0.02083158 -1.38090063 -1.51235151 -1.94911536 -1.27291499 -1.25211917 -2.72305698 -2.55999587 -1.79753397 
0.40292466 -1.15724471 -0.25481594 -1.05380448 -0.41629358 -1.24843028 -1.08935783 -2.35894193 -2.43150690 -1.76342077 
-0.62658975 -0.07151853 -0.95266384 -1.65470176 -2.15154159 -1.48711377 -0.72947656 -2.85605283 -1.30992242 -1.95674608 
-0.86449268 0.73938822 -0.16853520 -0.29962568 0.31508538 -0.01158525 -0.37275905 -0.77924462 0.59745245 0.39413300 
-0.29900191 0.22700879 -1.63421618 -0.72252523 -1.47902118 -1.29217192 -2.46140988 -2.68388339 -2.48137765 -2.01826904 
0.30148474 -1.06632315 -1.52365022 -0.68723400 -1.65089330 -1.71224995 -2.76950442 -3.09528372 -2.85656759 -2.88282770 
0.78908612 0.41514658 0.67880578 -1.35035526 -0.57373333 -0.32924149 -0.24114425 -1.03327175 -0.22102559 -1.16119878 
-0.40469639 0.76517736 0.69559053 -1.00495153 0.26474358 0.19180732 0.26626418 -0.49513198 -0.46379663 -1.01514478 
-0.72543056 -0.24036189 0.49836671 -0.75348223 -1.00844249 -1.15643031 -0.88830299 -0.92181383 -0.26450657 -0.40430297 
0.46747843 0.83629888 -0.86561294 0.36480138 -0.51838102 -0.28659812 -0.25868204 -0.87524032 -0.55140397 -1.27879276 
-0.37203198 -0.88503337 -0.93249600 -0.90791738 0.06242385 -0.71380503 -0.12955635 -0.81850722 -1.88072957 -1.35439858 
0.61805634 -0.70388691 -1.09965443 0.21584649 -0.99700123 -1.20923155 -1.13947469 -1.90287259 -0.77964672 -1.25150258 
-0.54941629 0.52610105 -1.16337867 -1.25296188 -0.65698371 -1.31858746 -2.18891895 -1.48067421 -2.40929946 -2.55062701 
-0.22349810 0.02340640 -1.01507874 -1.13520632 -0.94165147 -0.93547540 -0.66491781 -1.16830909 -1.96840441 -0.61357529 
0.15076869 -0.03794648 -0.45216706 0.90020774 0.44177946 -0.07375103 -0.55795156 0.08419354 -0.70460060 -0.71100255 
-0.77549602 0.66609498 0.35308778 -0.50346351 -0.33597335 -1.49588452 -0.83104196 -0.15227288 -0.30267764 -2.20095497 
-0.26437466 0.25871849 -1.50839617 -1.71024513 -2.17336112 -2.05061306 -1.83783332 -2.70145021 -1.92777084 -3.31058533 
-0.67943259 0.25282460 0.94620473 -0.66904910 0.20231884 1.04585138 -0.59506058 0.84449037 0.79224127 -0.13077389 
-0.32048829 0.44092583 -1.50481829 -0.48892608 -1.55266178 -0.64569571 -2.82028520 -2.95017896 -2.57446093 -2.96841346 
-0.95045137 0.28293085 -0.28741133 -0.52386970 -1.00045105 0.09605315 -0.31459401 -1.66924515 -1.67488740 -0.67460157 
-0.77232665 -1.13835016 -0.85663136 -0.27755021 -0.34770903 0.11409830 0.20079561 -1.37940083 -0.81480330 -1.84779812 
0.00354002 -0.62406402 0.44971602 0.44367399 -0.95954629 -1.21190005 -1.42795754 -0.62677769 -1.48295011 -1.35519952 
-0.50157304 0.20308639 -1.64991780 -0.17186131 -2.31767576 -2.35981447 -1.37880557 -2.05870959 -3.30801343 -2.74532040 
-0.90023302 0.65037095 0.58203837 -0.10684361 0.81674391 0.20366403 -0.50897752 -0.10280821 0.47148844 -0.36229696 
0.42451397 -1.32452528 0.05616724 -0.07430687 -2.13010608 -1.00706885 -2.34168303 -1.26751687 -3.07646196 -2.64626838 
-0.89465261 0.22540027 -1.40973761 -1.06769854 -0.76659262 -1.39889778 -1.10028898 -1.61330260 -1.35411956 -1.49269564 
-0.86289528 -0.03398399 -1.26385108 -1.01771499 -1.49307957 -1.93385257 -0.52378814 -1.26876335 -1.99199902 -1.42398203 
0.56962544 -0.97146804 -0.17919487 -0.22636180 -1.00861443 -0.67371496 -0.62625618 0.67056294 -0.83119550 -0.01172692 
-0.76476025 0.26083204 0.22290623 -1.69925938 -0.92738166 -1.88344101 -2.21257427 -0.68616071 -2.07834615 -0.93453560 
-0.20352015 -0.93220027 0.49551495 0.75772805 -1.17675685 -0.18358386 -1.19240652 -0.10833568 0.13193532 -0.13522850 
0.55726149 0.63284150 0.73684961 -0.43821638 -0.04826609 0.30125574 -0.06522575 0.90402763 -0.53587945 -0.44270780 
-0.26723157 -0.54727585 -1.12853362 -0.58774267 -1.17644326 -1.19068872 -1.17566942 -1.36182515 -2.75376086 -2.46191901 
-0.64538698 -0.13013655 0.25274943 -0.36962134 -0.63260010 -0.17348605 -1.58984021 -1.19782826 -1.75832600 -0.29491816 
0.34333861 0.29657449 -1.27585979 -1.30508154 -0.96527279 -0.82693895 -2.22007895 -1.09878147 -2.17328227 -1.92802216 
-0.53527546 -0.09127205 -0.54638188 -1.09690576 -0.77447018 -0.97144604 -0.96585332 -2.72061166 -2.57940498 -2.98292047 
0.19637226 -0.07254874 -0.27582724 -1.62502627 -0.55788414 -1.12364032 -1.98929387 -0.80115259 -2.61277128 -2.67985521 
0.06995078 -0.27483826 -0.31448648 -0.82069024 -1.07978162 -1.30267623 -0.61930210 -1.47847539 -1.40247467 -2.33952930 
-0.57772658 -0.66224209 -0.65474362 -0.25850441 -0.95358116 -1.22260956 -0.93381134 -1.82078477 -2.31223791 -1.45208372 
0.45534442 -0.94201057 -0.36365720 -0.95016491 -1.41897775 -0.80482211 -0.97565110 -1.49103766 -1.76143360 -2.54386414 
-0.94899752 0.59053746 -1.10109682 -1.31782780 -1.11586175 -0.78812096 -1.40975799 -2.65435424 -1.82020655 -2.98240754 
-0.98852676 -1.12373343 -0.82760813 -1.41144808 -0.75078617 -0.84957465 -1.20689534 -2.53888291 -2.26215817 -1.80514931 
0.28509826 0.50617947 -0.74130550 0.46464853 -0.69051591 0.19366111 0.37906086 -0.56413995 -0.92452607 -0.78031023 
-0.03562351 -0.79184890 0.17841079 0.73948354 0.50043042 0.86941005 -0.48675639 0.16469663 0.40039902 0.26284153 
-0.60009877 -0.00337947 -1.65746565 -1.91277102 -1.71551554 -1.05801202 -1.50795309 -2.15590490 -1.56385406 -2.67526920 
-0.39247972 0.89166411 -0.95454212 -0.64862768 0.50348972 0.82295980 0.15346906 -0.21921049 -1.06139330 -0.59977939 
-0.31997195 -0.16577273 0.43108059 -1.48049236 -0.69538965 -1.59908337 -0.74279214 -2.14007240 -0.88539572 -2.71916493 
0.28003775 -0.07413363 0.15728064 -1.34587410 -0.12016392 -0.31865138 0.16418603 -0.54206805 -1.00734547 -0.41348919 
-0.32525613 0.11706136 -1.49805877 -1.26973470 -1.46559695 -0.90185809 -2.62906553 -1.38632270 -2.80724033 -3.09395775 
0.68302991 0.65033992 -0.15978938 -0.77996364 -0.96131616 -0.83149916 -0.22849037 -1.25455933 -0.76665041 -2.04219928 
0.54209956 -0.13123689 -0.87767520 -0.65119085 -1.87807261 -1.53045631 -2.26070789 -1.60945863 -1.73878407 -3.16731469 
-0.27660410 -0.47128606 -1.03121004 0.34094882 -1.01641181 -0.21071653 0.28510218 -0.30256660 -0.70055234 -1.00869649 
0.56130392 -0.41865708 -0.47008251 -0.95356300 0.82980036 0.74933968 -0.89183860 0.85796620 -0.93259259 0.01146962 
0.77597462 0.19678747 -0.20508106 -1.06248083 -1.09967444 -1.67543629 -0.75145959 -1.47626027 -2.19209388 -0.78011156 
-0.02282733 -0.50369405 0.48170817 -1.16449639 -1.19781850 -0.95828686 -0.41806934 -0.99528184 -1.64992411 -1.74802267 
0.54648173 -0.52438723 0.15717048 -0.56304733 -1.61440222 -1.26108111 -2.21239832 -1.58196608 -1.77027939 -2.40558700 
0.89090916 -0.48117170 -0.07194361 -0.68551461 -1.16485066 -1.58932898 -1.80133180 -1.79149498 -1.44927578 -2.13976089 
-0.62701804 0.02844896 -0.04039537 -1.17204984 -0.61558521 -0.90664340 -1.94655875 -1.92318337 -2.11709202 -1.10667183 
-0.36013507 0.45371849 -0.08202734 -1.10199195 -0.58573727 -1.69521639 -2.43246909 -2.11717119 -3.25050778 -1.81529892 
-0.93239000 0.29917427 -1.10795646 0.03174496 -0.28846320 -2.13214028 -1.17705256 -0.95601791 -2.28060598 -2.65842447 
-0.61939361 -0.84769027 -0.27673933 -1.86657937 -1.09894703 -0.57014798 -1.11707369 -2.50289289 -1.69618298 -1.77031742 
-0.53886332 -0.01408730 -0.31306236 -0.77523414 -0.67471027 -0.29020073 -0.00937078 -1.01931634 0.68079629 -1.02140983 
-1.00298819 -0.22748139 -0.40127318 -0.60973150 -0.69161660 -2.21233448 -1.32318653 -2.28785769 -2.74310741 -1.48633901 
-0.27370860 0.91321982 0.15298857 0.89692118 0.32260717 0.53141434 0.28262356 0.27449033 0.18670688 -0.50468087 
-0.54921097 -1.03374570 0.06983386 -0.83064991 0.42035860 0.51684634 0.43892346 -0.86790737 -1.02453165 0.22756618 
-0.42774638 -1.12024840 -0.40905864 -0.94294264 -0.81912541 -1.14690110 -0.95939558 -0.71659597 -1.73600125 -0.60946286 
-0.43202739 -1.13555710 -0.82524625 -0.81972671 -1.51018749 -1.83674095 -0.56079252 -1.31732813 -0.63732039 -2.32508732 
-0.96488179 -0.52413163 0.06819167 -1.08839362 -1.58534822 -1.35604290 -2.66300118 -2.81122903 -1.78027172 -2.86505310 
0.01663304 0.70368991 0.44572864 -0.48236265 -1.01164472 0.07242823 -0.05546500 -0.95434640 0.09780905 -0.47116877 
0.06269599 0.06140367 -0.86719956 -0.23190621 -0.60202042 -1.64424718 -0.82133969 -1.44538577 -2.36335448 -3.20395904 
-0.51238082 -0.60626384 -0.41993443 -0.81907987 -0.68080666 -0.68408067 0.09271016 -0.63175259 -0.32508024 -0.68154922 
0.82333963 0.59432153 -0.52939060 0.63199576 -0.15873635 0.27137150 -0.69810239 -0.95828714 -0.82360456 -1.72618144 
0.03480799 0.71271773 -0.74469455 -0.72452449 -0.89718008 -1.13041050 0.07167749 -0.77587791 0.11976633 -0.36035939 
-0.53958092 -0.40365108 0.57212006 0.43614330 -0.06009396 -1.02131768 -0.68930807 -0.39892537 -0.54603690 -1.70748047 
-0.61056326 -0.89659684 -0.04871118 -1.04023781 -1.60274261 -1.04389485 -0.93465246 -0.85934052 -1.95985162 -3.13904851 
-0.00404064 -0.79054574 -0.59670727 0.07469013 -1.72698048 -0.93791737 -1.40367824 -2.35584471 -2.43203558 -1.95497671 
-0.78738741 0.27020312 0.42657199 -0.01830838 -1.31788683 -0.21215802 -1.22103527 -1.62316430 0.04019827 -1.20010775 
-0.57443139 0.55276568 0.91454437 -0.37763333 0.68178432 -0.01802790 0.18306583 -0.74398871 0.80474072 0.90413183 
-0.65362123 -0.28818208 0.28619288 -1.03602262 -2.11354799 -1.15023411 -1.19893289 -1.86900844 -1.78212964 -1.85497982 
0.69775333 -0.88394719 -0.14342376 -0.75266670 -1.64809689 -2.23674043 -2.15964902 -1.05185001 -1.65525970 -2.61923365 
-0.37716401 0.06333178 -0.72168418 0.66578347 0.37293239 0.35975745 -0.32330029 0.72774642 -0.85010987 0.58583770 
-0.31045816 -0.07054534 -0.81840250 -0.97643481 -0.99352320 -0.21247675 -1.12105506 -1.12973457 -0.08975947 -0.05334581 
-0.75457129 -1.18636229 -1.39744380 -1.74785768 -0.54013486 -2.03689966 -1.65665965 -1.10803437 -2.56472240 -2.42135057 
0.32383029 0.14680122 -0.56384422 -1.02388554 -0.72461707 -1.69883715 -1.18760321 -1.58827666 -0.62240275 -1.56253437 
0.25929116 -1.28535465 0.35660295 -1.64860417 -0.36136258 -1.28075526 -0.81334457 -1.53451112 -1.82694286 -1.53846318 
0.77506378 -0.07389842 -1.12844184 0.25075235 -0.96731381 -0.09434956 -1.52069103 -2.18776621 -0.95959745 -2.16844204 
-0.97532155 0.15038374 0.68371205 -0.92251248 0.81030059 0.75755237 -0.87803541 -0.76731637 -1.10408874 -0.39841051 
-0.77362235 0.37104001 -0.83265469 -0.12804121 -0.11567273 0.46665637 -0.49139953 -0.14451173 -0.58742015 -0.31610654 
-0.07514824 -0.47825760 -0.31026381 -1.85020215 -1.71490229 -0.54298176 -1.71901851 -2.51219267 -2.59058920 -1.44723216 
-0.29863802 0.22841905 0.63413109 -0.09575436 -0.36668072 -0.46529918 -0.54343024 0.15570267 0.72802706 -0.46643327 
-0.47840551 -0.81869443 -1.28357663 -0.67318617 -1.23779530 -0.16908680 -0.81762994 -1.81374945 -1.96656414 -1.80971554 
-0.75293698 0.41017440 -0.77082399 -1.05957160 -1.60169448 -1.08705630 -2.12357545 -2.64226222 -2.74569042 -2.78681139 
-0.92221928 -1.37081622 0.03197998 -0.07643901 -1.66575699 -2.28394507 -0.95237948 -1.67672043 -1.93311255 -3.34958596 
-0.95776852 -0.17376643 0.38051051 -0.43465007 -0.55058483 -0.72216309 -0.97014321 -1.03907001 -1.54697140 -1.67242698 
-0.38738067 0.09710422 0.81008031 0.57761466 -0.61030309 0.13484713 -0.04619255 -0.69513032 0.75393205 -0.07203909 
0.09248236 0.30313178 0.06225813 -0.45817800 -0.56827030 -1.70731110 -1.28459700 -1.02456295 -0.90309492 -1.78060325 
0.33374251 -0.80524947 0.19996196 -0.16574697 -0.04998418 -1.40092536 -0.86408139 -1.31048345 -1.77295274 -0.42213901 
-0.40178021 -1.44291872 -1.00396828 -0.54867864 -1.35148008 -0.74467737 -1.23002139 -2.88144208 -2.00898342 -2.64769934 
-0.16331080 -0.70091100 -1.11982982 -1.08946053 -0.23678421 -2.00488665 -0.96242182 -2.31771296 -1.15470215 -2.74923222 
0.42793641 -0.60404990 -0.70553903 -0.01788022 -1.08583928 -1.03910069 -0.51655909 -1.76288388 -0.76386373 -1.08710832 
-0.62066964 -1.08431114 -0.72282595 -0.09228383 -1.28419605 -2.22495983 -1.35722491 -2.05456300 -1.69393845 -1.19678606 
-0.92501085 -0.02474206 -0.58006226 -1.32107674 -1.13633773 -0.79696042 -0.65480427 -0.71999764 -1.95637005 -1.26691189 
0.85280107 -0.76147408 -0.71257221 -1.15796692 -1.06872721 -1.29166005 -1.21268836 -0.89116214 -1.00959478 -0.86458325 
-0.18636687 0.03538931 -0.89505834 0.10143944 -1.53733819 -1.24007976 -0.11382152 -1.37651708 -2.10036796 -1.79362890 
-0.19637442 0.01318047 0.32341864 -0.86221096 -0.77357749 -0.77950965 -0.31723018 -0.96728256 -1.44517270 -2.09469048 
0.68876047 0.44203502 0.39628246 -1.19076496 -0.45768170 -1.76017047 -1.58842599 -1.52236189 -0.81244227 -1.49798691 
-0.12932787 0.44535573 -0.52248713 0.09784789 -0.15276212 -1.06463668 -0.08880700 -1.21951605 -2.21439131 -0.78310995 
0.27145045 -0.24706012 -0.43158280 -1.11033207 -0.56549865 -1.80042601 -1.38561326 -2.69502000 -1.44967730 -3.05921383 
-0.21703062 -0.10161870 -1.20320102 -1.02330821 -0.08419802 0.12275513 -0.47124007 -1.65740696 -1.83167050 -0.85581622 
-0.75201677 0.57328057 0.01325372 0.26139826 0.17365761 -0.69058866 -0.47672303 -0.20436420 -0.76029254 1.00374669 
-0.59777033 -0.19791989 0.34893714 -0.46452141 -0.17179120 -0.76207572 -0.40863982 -1.42066492 -1.81636137 -2.10297702 
0.07761968 -0.16962942 -0.35940182 -0.38421197 0.14979332 -0.68608130 -0.94394277 -2.25546815 -1.47339875 -1.08098532 
0.59360883 -0.02350908 -0.16459027 -1.35922573 -0.33428011 -0.26087139 -1.69236143 -2.20962399 -0.77412720 -2.09625041 
-0.38770696 -0.89035392 -0.47646813 0.53319076 -0.66885336 0.53394296 -0.66097832 -0.72360246 -1.41089979 -0.81509138 
-0.68212845 -0.61507313 0.71594152 -0.57681540 0.95941281 0.86186589 -0.25995990 0.69029139 -0.04155750 -1.07203467 
-0.32437200 0.61517801 0.27067751 -0.51381001 -1.33310482 -0.36302130 -1.64777392 -2.30293574 -1.61207074 -2.14756536 
-0.65405125 0.39510695 0.11267744 -1.39933961 -1.67670390 -2.17566677 -2.67723168 -1.62017199 -2.89064450 -1.92740783 
0.18902170 -0.39616018 -0.87885334 -0.31343974 -0.96518723 -0.60555466 -0.71406694 -0.91461130 -0.51716299 -0.97883738 
-0.84767401 0.36947356 -0.62149316 -0.09288179 -0.92322941 -0.24099719 0.28353324 0.55800235 -0.66002439 -0.05254345 
-0.23601378 0.28609459 -0.28231252 -0.47921790 0.22693819 0.55672216 -0.66417310 -1.01768118 -1.57210444 -0.06110579 
-0.10732569 0.42421182 0.12988157 0.28151810 -0.36745875 -0.73508225 -0.52111181 -0.05674832 -0.72846760 -0.77342517 
-0.12402847 0.62245648 -0.79741092 0.72919472 -0.35585986 -0.59302004 0.06393837 0.21280133 0.45549397 -0.63543774 
0.26910840 -0.55615251 -0.76854049 -0.41619357 -0.17824609 -0.89050002 -0.46788183 -0.28424835 -1.44461670 -2.13060265 
0.41287869 0.57887235 -0.77522407 0.01356243 0.69732960 -0.66761624 0.98634047 -0.57526403 0.93398805 0.94628078 
-0.42605128 0.36895089 0.10294951 0.17372302 -1.45082674 -0.21150667 0.14165805 -0.96711236 -0.80484932 -0.67256111 
-0.11075982 -0.59470916 -0.05914862 0.24110643 -0.81116641 0.53856666 0.71808819 -0.23675111 0.68394287 -0.85261137 
-0.43252056 0.36262417 -1.04594673 0.41238450 -0.86708611 -0.61695891 -1.09966100 -2.10124729 -0.46022119 -0.72359370 
0.89037939 0.20623046 0.34123010 -0.56814343 0.30680461 -0.89657360 0.20144719 -0.53405525 0.54163403 0.52508654 
-0.74372286 0.19827072 0.33660964 0.34668289 -0.96439226 -1.08626053 0.76543469 -0.54839947 0.18510195 0.22565150 
-0.64608011 -0.79960935 -0.69188777 0.65291875 -0.60257939 -1.02223859 -1.24462863 -0.01030299 -0.74225159 -0.59720450 
-0.43483760 0.45419789 -0.47474722 0.00913350 0.01011067 0.02766058 -0.27408465 -0.88843314 0.34998686 0.04088846 
