1.87041072 0.46620195 
0.14520375 0.91322966 
-0.70214031 0.64021887 
0.78419224 -0.84634159 
0.11339538 0.77651836 
0.32264333 -0.42267509 
0.27695652 -0.33348067 
0.00753742 0.39246444 
-0.10595395 0.10297034 
2.75394045 -0.56424724 
0.18614887 -0.63147986 
1.04542299 0.74841114 
1.93354531 -0.61452576 
3.18756513 0.22906811 
2.11130431 -0.76569810 
0.14713966 0.47856207 
1.69535843 0.79584334 
1.35296322 0.55757590 
0.57912077 0.45293285 
1.65166022 0.39815814 
-1.29671572 -0.05737558 
0.30801431 -0.44407669 
2.03060841 0.76163552 
-0.47181689 -0.93549608 
0.71220411 -0.03700493 
-0.62995952 -0.18189594 
0.69387858 0.30015335 
1.37261063 0.16431340 
0.71033822 -0.37359248 
1.85668956 -0.91469907 
0.20738009 0.16857335 
2.20804593 0.65665256 
0.77818525 -0.46568781 
2.37023713 -0.85523356 
2.55216360 0.04078678 
1.40879649 -0.61470713 
1.49326090 0.50854944 
-1.31185195 0.96684781 
-1.27522362 -0.53427527 
1.22496919 0.71964676 
-0.81694904 0.29204703 
1.06178850 -0.27110296 
0.74102333 -0.37959253 
0.18254058 -0.05053366 
-0.86576400 -0.46355983 
0.47753867 -0.65632601 
-1.19404896 0.77190398 
1.02330732 0.28298310 
0.34034952 -0.66836552 
0.22920670 0.66110185 
1.33355056 0.63971680 
1.50227655 -0.69797953 
-0.77566994 0.56066292 
-0.02410541 -0.01700985 
0.89448862 -0.53228101 
0.87839306 -0.49543142 
0.20124699 0.17037474 
-0.17279373 -0.68374491 
1.87079127 0.32572616 
1.27586104 0.83388551 
0.81474093 -0.46285592 
0.13816132 0.64867001 
1.27152010 0.64737630 
0.92874466 -0.61439725 
1.03052661 0.75488125 
-0.79183494 -0.70442897 
1.39973039 0.95275122 
0.59761001 0.30301933 
0.39239921 0.32811248 
-0.16190323 0.22811855 
-0.24623699 -0.44928229 
2.27728924 -0.92700728 
1.33606146 -0.02910685 
-0.29828242 -0.91689247 
1.56196713 0.75368491 
0.28690026 0.15475129 
0.48962759 -0.26474091 
0.29039162 0.94142057 
-1.13194571 -0.80147889 
-0.10577196 -0.80012407 
2.12517239 0.71446309 
0.95305183 0.73059223 
0.22900646 0.87268840 
1.52824652 -0.77708542 
-0.59152154 -0.34606055 
1.74283438 -0.98885483 
-0.00623164 0.97499112 
0.42108784 -0.04998843 
1.53627527 0.15506017 
0.19858212 0.72016834 
0.40698213 0.03329830 
0.92438930 -0.82989681 
-0.57545688 1.00308482 
1.84162430 -0.89361907 
2.30489698 -0.17758953 
-0.69222451 0.19551505 
2.65270170 -0.18004407 
0.92840389 0.98965023 
1.47156043 0.64116687 
1.16432554 -0.76748077 
1.12550427 0.71587889 
0.59610437 0.17020002 
-0.05338842 0.55330456 
1.58038217 0.69440214 
1.52654175 0.87576183 
0.42950502 0.00482114 
0.37809335 -0.47150928 
0.57046661 -0.24619493 
0.23449713 0.78803838 
0.43660285 0.66311315 
0.05411572 0.71207110 
0.71401203 -0.93271051 
0.82483178 0.44638159 
1.03023784 -0.82718411 
1.59534581 -0.57016005 
1.43983386 -0.79477827 
-0.70665271 -0.93481153 
1.19601161 -0.39668513 
-0.60346506 0.98398322 
1.59863440 -0.46587929 
-1.53240826 -0.85070168 
2.22628634 0.76909106 
-0.49742155 0.88402303 
1.82728817 0.19829441 
0.87803428 0.71789324 
-0.52220512 0.70033933 
-0.44149042 -0.95094885 
-0.22356654 0.31996071 
-1.21582786 -0.73009287 
-1.07434892 -0.28392682 
1.85666871 -0.79428066 
0.13990266 -0.43899668 
1.46892583 0.01220915 
0.27806797 -0.87444133 
-0.06780876 0.02424215 
0.98747710 -0.97731629 
1.80766476 -0.64647513 
0.28622052 0.14085218 
1.70452643 -0.91335458 
1.51332357 -0.81215630 
1.01861568 0.70490360 
1.87493106 -0.25970075 
-0.11931246 0.25527387 
0.24222600 0.25380662 
-0.47594310 -0.23756974 
1.58026413 -0.48547497 
0.69310930 -0.18258695 
2.08215949 0.82974439 
1.35617739 -0.56267633 
0.12710554 0.42736216 
2.32996457 0.89290478 
0.95924505 0.50645740 
-0.98152919 -0.28490792 
0.65102303 -0.17721508 
0.76273543 0.85444129 
0.44658735 -0.84460605 
0.28278368 0.28578492 
-0.32680806 0.41334249 
1.48492883 0.26900231 
0.86842624 -0.41909323 
-0.29965763 0.90312830 
-0.83973146 -0.53909410 
-0.38392915 -0.89187404 
-0.06489204 -0.75062451 
2.08958558 0.78169071 
0.32084515 0.69956970 
1.76777937 -0.24350856 
0.68142274 -0.73748858 
-1.17571854 -0.09286746 
-0.76599091 0.01002753 
0.91740155 -0.23270737 
0.67547878 0.65358880 
2.03172045 0.58332059 
-0.44896148 -0.70039748 
0.23407671 -0.08941911 
-0.07962489 0.47658953 
0.71666305 0.55128904 
1.01889136 0.05927627 
0.00379017 -0.66359487 
0.59542088 -0.26906554 
-0.71632059 0.40909429 
0.70710999 0.64629126 
0.76049242 -0.57346407 
0.33274525 0.57747544 
0.30805690 0.23259647 
0.48453485 0.32323258 
1.52900223 -0.15747843 
0.58828687 -0.01916246 
0.71633412 -0.76316609 
0.34470436 0.17023859 
0.63837301 -0.08894646 
1.49830156 -0.86725771 
1.65856236 -0.30399088 
-0.51563130 -0.65506346 
1.31451821 0.93948025 
-1.34028027 -0.43604376 
0.41043054 0.24331987 
0.46015511 0.98219119 
-0.06061508 -0.96642583 
-0.56888079 -0.89983897 
0.01807367 -0.84117908 
0.80247667 -0.26185883 
-0.41770368 -0.97378400 
-0.24993240 0.05965432 
0.07413265 0.88138606 
1.26513349 0.01454048 
0.09804583 0.07427880 
0.39638568 0.84119569 
2.09554945 -0.11262022 
-0.63592636 0.29820758 
0.45597555 -0.13975569 
1.24569744 -0.50231656 
0.07884581 0.60665053 
2.13474087 0.88458900 
1.13540316 -0.23320435 
-0.04319129 0.49377308 
-1.26771393 0.45339325 
0.27657282 0.99352019 
1.71170747 -0.92216435 
1.50226159 -0.79674875 
-0.14231361 0.96060828 
-0.07495231 -0.09143893 
-0.46609906 0.02556916 
-1.06135994 -0.89901017 
-0.24882860 -0.03951553 
-0.73384509 -0.03330792 
1.28732191 -0.37594460 
1.26217647 0.04579076 
1.38412698 0.34070708 
0.84241218 -0.08014118 
-0.26077665 -0.15942834 
0.97004373 -0.48476311 
2.24449529 0.16049269 
1.60292257 0.76397639 
2.09767070 -0.37470319 
-0.72326987 0.96004572 
0.49181019 -0.08468630 
1.57550905 -0.35441838 
-0.50435791 -0.26338572 
0.75841149 0.08647956 
0.98343595 0.52750100 
0.31716323 -0.81483032 
2.15803777 0.75379387 
1.08097527 0.66572829 
0.81138097 0.54319514 
0.29906370 0.83687025 
-1.03098621 -0.76407281 
2.36659090 -1.01017789 
1.74493254 0.68910623 
0.70306947 0.80953974 
-0.74751522 0.93340608 
-0.11810501 -0.10649431 
-0.76981485 -0.38144370 
0.69401470 0.76982916 
1.40709206 0.37145765 
0.34541041 0.92373709 
0.81324657 0.31473210 
0.67759092 -0.81920150 
-0.10766290 0.12191030 
0.37781361 -0.44689367 
1.26017273 0.91521746 
2.24310325 0.27595833 
0.02285151 0.19987009 
1.78726521 0.65457481 
-0.49483052 0.12837108 
2.47400399 0.50748430 
-0.04773322 0.60111865 
0.42970333 -0.94691791 
0.25108152 0.28051723 
1.34240382 0.80556477 
-1.35557855 0.17136095 
-0.99583155 0.97325929 
1.45563181 0.78646395 
1.06342703 0.89169149 
2.62028692 -0.22043383 
0.24723248 -0.22119986 
-0.45027099 0.86055236 
1.08758716 0.77005824 
2.84027311 -0.51276527 
-1.15137501 0.34540753 
2.41791549 0.88873928 
1.62129689 -0.85127183 
1.92626115 0.39482862 
2.16869882 -0.45936480 
1.79578588 0.96879027 
0.32224158 0.90296722 
1.04719030 -0.34284212 
-1.05596236 -0.11337799 
-1.57627481 0.35207688 
1.30292532 0.01118205 
0.27271975 0.58338105 
1.44659354 0.42806260 
2.40785339 -0.75874762 
1.50382227 0.29400425 
0.71032269 0.64784237 
-0.67611720 -0.36296875 
1.41704860 0.42576251 
0.70938936 -0.58985996 
0.19599680 0.00546758 
0.27204887 -0.46724589 
0.84755366 0.50298222 
1.28630060 0.04857226 
1.56943000 0.07860890 
-0.23768330 -0.35150148 
0.98342165 -0.90657431 
1.03404796 -0.89268283 
-0.49230821 -0.88483840 
-1.39935511 -0.37882469 
0.27264489 -0.65600639 
0.87035205 0.10822952 
-0.59357050 0.82008726 
1.38422551 0.33443179 
1.65876621 -0.70274955 
0.23062645 -0.47892382 
0.45619232 -0.60265028 
0.83705956 0.66755957 
0.91873786 0.81000628 
0.07121903 0.42326813 
1.12854161 -0.02052805 
0.96467491 -0.67765029 
-0.00423334 0.80284427 
1.21107247 0.75319622 
1.62580251 -0.96578001 
1.29584686 0.11664490 
-1.26891231 -0.43489987 
0.29725208 0.57258270 
0.66310223 0.41371540 
-0.12067798 -0.14178920 
-0.24367612 -0.28879301 
0.73869247 0.49380098 
-0.46249206 0.00032145 
0.25405814 0.77231750 
0.27582333 -0.25265836 
2.86783646 0.92325210 
0.73628454 -0.11322462 
-0.66568671 -0.93505704 
1.08638707 0.24593606 
-0.07551081 -0.21200091 
1.18170030 -0.45975535 
0.45148947 0.66248570 
1.15599326 0.72492382 
1.27063277 -0.66642447 
0.54065147 -0.11076903 
-0.32424582 0.96677297 
0.51739087 -0.21052185 
1.54230108 0.85791599 
0.88981014 0.29764026 
0.44572494 0.94571922 
-0.05198994 -0.39398981 
1.17618682 -0.41209959 
0.68910425 -0.15477369 
-0.50195658 -0.10916351 
1.12599829 0.18998642 
1.08105028 0.89749395 
0.78665371 0.84265349 
1.89919243 0.26181266 
0.99861302 0.74704196 
1.53918005 0.44907247 
0.81443353 0.67341571 
1.81148879 -0.98482382 
1.34556751 0.26523167 
-0.54634793 -0.89190895 
0.96174244 0.48261453 
1.57461219 0.88877219 
-0.28081116 0.82665290 
-1.61286694 -0.08159326 
0.94460839 0.01627127 
0.52549394 -0.18849326 
0.88091025 0.78914182 
0.02095070 0.58171159 
-0.99078751 0.79461388 
0.52528354 -0.44037017 
-0.11940344 0.77243128 
-0.26166821 0.61994071 
0.48533221 0.17177107 
1.53147367 -0.57182190 
0.90850786 -0.63341634 
0.67008445 -0.51087524 
1.29901705 -0.90652363 
0.59931523 -0.29534796 
-0.49195045 -0.76158082 
0.41301858 0.06630586 
0.09409839 -0.25689362 
0.61637877 -0.15587262 
1.51609105 -0.71512230 
0.90150554 -0.23172369 
0.83485405 -0.72555322 
1.24551613 0.39525996 
2.12760593 -0.13382672 
0.56569091 0.23614480 
0.95311426 -0.03374872 
0.16876572 -0.96593180 
1.41179521 -0.64750917 
1.81651982 0.44416986 
0.70777544 0.27620464 
0.27863522 -0.58827320 
1.78341200 0.96308635 
0.69199733 0.04918297 
0.47525169 -0.13075197 
1.69499106 0.09730077 
1.11515240 -0.42392351 
2.43823203 0.86799782 
0.36365698 0.93750595 
1.61662481 0.94437072 
0.13888507 0.45858073 
0.79227958 -0.41300780 
-0.21747581 0.45835980 
1.69332741 0.69869158 
-1.16583790 -0.27047937 
-0.20174654 0.41207491 
0.46211418 0.02477695 
0.77566061 -0.09583468 
-0.07720907 -0.38500922 
-0.01666640 -0.38694378 
-0.81095233 0.48346166 
0.23480105 0.19525301 
1.99070949 0.21071550 
0.81429960 -0.75677943 
-0.22991663 -0.26591881 
0.11489849 -0.01342995 
2.05577931 0.19267638 
1.18795212 0.96916001 
-0.40089116 0.58314971 
-0.93957981 0.35496238 
0.72146766 0.42503744 
-0.07451857 0.31982252 
-1.35409636 0.53756216 
1.56652895 -0.11660944 
0.90144168 0.16175332 
-1.26958969 -0.75842482 
-0.44179202 -0.98000314 
0.43503712 0.89854317 
-0.34324067 -0.17430150 
0.96454344 -0.06087066 
-0.79313226 0.77645287 
1.91535190 0.28115709 
0.65087934 0.64180855 
-0.35582571 -0.32501606 
0.46751358 0.47146787 
-0.64183737 0.86534397 
2.13774412 0.44923169 
0.56265908 -0.61454499 
0.32152232 0.68433452 
0.67885764 -0.48874533 
1.99701802 0.00585145 
1.01746659 0.07283038 
1.08346119 -0.33067392 
2.15286144 0.16661502 
0.74569760 0.11688885 
0.09968804 0.76645972 
1.52423211 -0.10773032 
1.24539351 0.43769430 
0.24687445 -0.87496672 
1.47317876 -0.23006628 
1.05927936 -0.29332225 
-0.42149224 -0.52048138 
-0.26256072 -0.88349978 
1.11101878 -0.53944618 
1.23645248 -0.10051246 
0.37796289 0.14834253 
0.61021968 0.20970462 
-0.39684642 -0.36412576 
1.42908705 -0.39805709 
0.69240679 0.60852510 
-0.72142805 0.59762332 
0.99809632 -0.11937400 
0.15772129 0.48921558 
0.09580416 -0.08649724 
0.25101448 -0.10105533 
2.10460694 -0.00930906 
0.57058433 -0.21629043 
-0.84145281 0.48192100 
0.08725099 0.65688096 
0.47591667 0.96830634 
1.10140787 -0.85078903 
2.78247824 0.56420076 
1.28864461 -0.04890539 
1.20724662 -0.53505737 
1.80531641 0.84246101 
-1.12810302 -0.63546807 
-0.22725199 -0.20973199 
0.18611136 -0.43521615 
-0.53880073 0.93263458 
-0.11106073 -0.79292297 
-0.02499911 0.89233989 
1.62602654 0.81856203 
0.38227510 -0.74018250 
1.63448325 -0.09247755 
0.39875565 0.99520882 
1.92684621 -0.64756704 
1.76242179 0.96858588 
1.98736552 0.47748284 
0.14192608 0.35459197 
0.24449858 -0.65882114 
0.45195518 0.01886008 
0.80201549 -0.45115382 
0.64388137 0.95558100 
2.58727147 0.90360059 
1.83220271 -0.67917057 
0.28245867 -0.61200546 
-0.31191437 0.67078572 
0.18834598 0.53250861 
1.27331949 0.63418729 
1.07846470 0.25218619 
-0.82280207 -0.69111818 
-0.40190422 0.24249891 
0.09184088 0.47775875 
-0.05852371 -0.19970715 
2.74177879 0.88910841 
1.09951189 0.53004246 
-1.23453579 -0.47376024 
0.22204451 -0.33143541 
0.03783686 -0.90319611 
0.60739810 -0.25662912 
0.75341649 -0.41634284 
0.20841854 0.30790106 
0.54342958 -0.79552974 
0.10480222 -0.30784252 
-0.62004565 -0.63508435 
0.53064129 0.10069066 
0.66916865 -0.58467290 
0.22681793 0.35436534 
1.39349805 -0.62670913 
1.68031706 -0.67255061 
-0.04958396 -0.54764728 
1.10112962 0.15514512 
-0.06022953 -0.71886114 
0.74973742 0.13839602 
-0.10466900 0.96013588 
1.47581320 0.93296777 
-1.12432143 -0.32845141 
1.28177922 0.05190212 
1.97182053 0.55921113 
0.72129869 -0.33903542 
-1.05745042 -0.34083120 
0.84435050 -0.27323402 
0.42939846 -0.01942045 
0.00578506 0.76912535 
1.89965776 0.13172086 
1.97349095 0.29937836 
0.44209316 0.51241448 
0.52888058 -0.33840855 
1.71420015 0.02126266 
0.08168375 -0.18197520 
1.87482219 0.65777660 
2.23661033 0.66369364 
1.32793007 0.75878587 
0.46213047 0.41612736 
0.10302287 -0.82776500 
0.71810604 0.82204649 
2.08151200 0.63009655 
1.16696505 -0.96748828 
-0.48076217 0.82535752 
0.12260163 -0.91663749 
-0.20998508 -0.91746281 
2.20168045 -0.56258477 
1.54115033 -0.15315414 
1.19926146 -0.82391585 
-0.74049472 -0.02148276 
1.20439953 -0.82369447 
0.85508276 -0.84207284 
2.66169085 -1.00440224 
0.59637186 -0.30466715 
0.84843466 0.08429189 
1.90112363 0.35547991 
0.92042565 -0.66780917 
0.06410507 0.02862236 
1.94773678 0.64989577 
0.39040718 -0.37788553 
1.27944078 0.48413691 
1.98107289 -0.07915397 
-0.48288746 0.83214241 
-0.21505110 -0.89739129 
-0.35896152 0.73383065 
0.18486963 -0.83589886 
1.48704761 0.09827836 
0.04720779 -0.97271492 
-1.48996972 -0.66259490 
0.31267775 0.64075798 
0.32834781 0.76041512 
0.37055003 -0.81237189 
0.11548626 0.01436972 
-0.88005749 -0.49410257 
0.51865115 0.46981247 
0.48677424 0.17836945 
0.80128139 -0.91264168 
1.39470790 -0.80257209 
0.74015514 -0.13245390 
0.73703118 -0.62751837 
0.50679251 -0.66284848 
0.01631004 -0.49503521 
0.78941924 -0.25258303 
1.00038674 -0.83916193 
2.47484734 -0.27206915 
1.05471929 -0.72915367 
1.51427516 -0.69358750 
-0.76695257 0.56116611 
0.42816361 0.89866490 
0.30910901 0.47263996 
-0.01138359 -0.70224244 
0.51955602 0.13039745 
0.36639088 -0.53440123 
0.68942365 -0.06818773 
0.70334204 -0.25948775 
-0.50720454 0.72774545 
0.41061091 -0.78080391 
1.35284403 -0.26614605 
-0.00918681 0.84744427 
-0.10909841 -0.92155925 
0.54255287 -0.85832060 
0.79889833 0.45858200 
-0.47675377 -0.33105915 
1.94178441 -0.70376733 
-0.34582250 0.53586514 
0.40843346 0.60302915 
1.11219617 -0.74982497 
0.78352599 -0.63333544 
-0.00082382 0.71526807 
0.32245721 0.71498320 
1.14986816 0.22993922 
1.80214273 -0.82891960 
2.28851320 -0.13768072 
-1.26608502 0.17599735 
0.74850388 -0.10870871 
0.97585043 -0.74995091 
0.39997290 -0.48143600 
0.96581178 -0.64464606 
1.06245068 0.59125539 
1.51391173 0.00479170 
0.60675346 -0.12230536 
-0.49686470 -0.70027985 
1.26611131 0.79540821 
-1.00871366 0.73668300 
-0.64782457 0.07830034 
-0.41781266 -0.02825071 
1.20617630 -0.21836023 
-0.64417840 -0.72312388 
1.34800680 0.96345687 
0.54943843 -0.83325744 
1.57670039 0.97944430 
0.84237649 0.83871192 
1.13384760 0.88253000 
1.30565519 0.13215416 
0.74399053 -0.84751156 
0.75482650 0.29251047 
0.25985666 0.81266819 
0.90561553 0.40233075 
1.40677975 0.20341125 
0.83699477 0.46158450 
0.39570391 -0.89929800 
1.16528217 -0.36777152 
2.09953788 0.71379459 
0.05101184 0.75549043 
1.24512346 0.38143436 
0.57626554 -0.20444771 
0.89599547 -0.12991623 
0.89915020 0.97597267 
0.10894254 0.73631926 
-0.60712458 0.51168849 
0.72907997 -0.08862575 
0.40515742 0.10649484 
2.92139093 -0.69800374 
-0.22574227 -0.67419334 
0.15510936 0.84349521 
-0.56845440 -0.69617970 
0.50178570 0.32888183 
1.34808880 -0.05124007 
-0.44461229 -0.15688464 
-1.11934936 -0.75379809 
2.25793182 0.23603255 
0.91287082 -0.28500534 
2.05373221 -0.65098702 
0.35810916 -0.90726749 
0.81341162 -0.90759768 
0.21940149 -0.18252220 
0.82798009 0.79232549 
1.05838031 -0.67068373 
1.36382571 -0.84951558 
1.67167479 0.72202371 
0.50208049 0.36604098 
1.06867083 -0.61918149 
1.22693395 -0.66904471 
1.25676071 -0.92718140 
-0.50429163 0.75188107 
2.21990770 -0.17528469 
-1.07994611 0.06650267 
0.49107210 -0.09000065 
1.13815297 0.40560814 
2.10726188 -0.11762112 
-0.49872828 -0.27659871 
0.83826393 -0.01991204 
2.39873059 0.61731134 
0.04444662 0.09743248 
1.19298133 0.73466153 
1.23197446 -0.06042602 
1.91567305 -0.86205677 
0.91590542 0.24285317 
-0.27734891 -0.89062652 
0.77654937 -0.42799577 
1.06853130 -0.14064147 
-1.31404601 0.93084072 
-1.27946551 0.78654456 
2.76367389 -1.00546109 
1.29515887 0.03825997 
1.08059830 -0.24657990 
-0.30539076 0.69748714 
1.26200754 0.82755702 
1.15909975 -0.86313927 
0.42435461 0.27496488 
-0.64427581 -0.07464721 
0.11616375 -0.73913942 
-0.88959229 -0.33909358 
0.37151356 -0.34038166 
2.02346531 -0.56865725 
0.13492876 0.12423726 
0.36700217 -0.94846664 
-0.05843300 -0.74999284 
-0.78084529 0.57296696 
-0.75805116 -0.12383943 
-0.30352455 0.53497115 
0.93978845 0.68405081 
-0.04177828 -0.26367713 
2.05995370 -0.68034527 
2.71595363 -0.75040095 
1.32123570 -0.23195846 
0.60796913 -0.10235793 
0.72552829 0.47470170 
2.20070682 -0.81390714 
-0.03961043 -0.86391988 
-0.72518339 0.34590550 
1.57057063 0.56126313 
0.28337432 -0.19257052 
1.32268242 -0.16118401 
0.90770729 0.63608084 
0.57668547 -0.16785336 
-0.14336784 -0.14593775 
0.19781639 0.11762093 
1.01823340 0.44755196 
-0.39730229 -0.37296886 
0.56045494 0.16852407 
-0.05609740 0.47622599 
1.30911421 -0.04186450 
2.07465095 -0.17298561 
1.51381271 0.14235028 
0.72505106 -0.97159451 
2.07562624 -0.01240269 
0.77532295 -0.57828759 
0.79614931 -0.44439555 
1.22100454 -0.62237790 
0.19315583 0.75648958 
-0.80082444 -0.11128880 
1.26657818 -0.84073184 
1.60593114 -0.18090303 
0.12675732 -0.71867567 
1.82939716 -0.73769826 
2.07274567 -0.13270445 
-0.03972353 -0.67315723 
1.56021554 0.41767245 
1.38269068 -0.79774821 
0.48800379 -0.49807842 
-0.77059475 -0.36669880 
0.01575194 0.40346936 
-0.93692533 -0.85176461 
0.08786856 0.93755765 
1.35863401 0.48420371 
0.12792274 0.43637704 
0.69075938 0.08044533 
0.50905562 -0.63059443 
-0.14244033 -0.16282932 
1.20238279 0.11191169 
0.45376564 0.29774730 
0.80378464 0.64840375 
-0.21505088 -0.87437933 
1.86026287 -0.40624109 
1.43881405 -0.37378932 
0.09168832 -0.36041264 
0.23669838 -0.85073517 
1.89448310 -0.23501615 
1.00098914 -0.63272055 
2.80203074 0.80348319 
2.14223560 0.49087964 
0.89160830 0.53940405 
-1.33099515 0.28130239 
-0.02336142 0.54768679 
1.98474048 -0.75366220 
0.73534088 0.74298512 
0.29248873 0.32948056 
-0.85082097 0.20006351 
-0.56697728 -0.84550179 
-0.41969978 0.11951933 
-1.06963961 0.29813145 
0.08594206 -0.35515178 
2.66516208 -0.00987216 
0.63785993 0.51133054 
1.07593345 0.32023094 
0.71336163 -0.60565615 
0.23757631 -0.77803049 
0.17491626 -0.14450959 
1.85218080 0.87348037 
0.77548596 0.46799834 
1.14521641 -0.51274173 
0.86238798 0.21158169 
1.51571754 0.83623862 
2.38134225 0.10650825 
0.73203021 -0.19745715 
-0.89726001 0.67957655 
0.88508750 0.79010354 
0.66052869 -0.58288343 
1.47104709 0.55303170 
0.39049631 0.71766896 
0.04708265 0.18584383 
0.12498766 0.69931009 
1.53607058 0.10016128 
1.71806111 0.18914400 
1.50058565 -0.50526312 
2.78392153 0.28768697 
1.65219539 -0.06397945 
1.20791186 0.30444585 
0.07900534 -0.02183198 
1.09285250 -0.57848034 
-0.44904364 0.84200945 
1.49917072 0.01497098 
0.03080286 0.45531651 
2.16893313 0.85803700 
1.51553413 0.87745493 
0.82680946 0.51776547 
1.28755943 0.25216817 
2.33503543 0.46399379 
2.45132367 -0.82495763 
1.05022848 0.80381014 
-0.73256270 -0.99183397 
1.87805245 0.78901849 
2.14174852 -0.08570256 
1.46981653 0.94946263 
1.22810092 0.00883182 
0.11136733 0.63800184 
0.68279372 -0.13304346 
1.09864259 -0.70141274 
0.01211388 -0.75089870 
-1.21084724 0.67904156 
-0.54419590 0.41635253 
2.57442630 0.38701312 
0.59274852 -0.42772008 
-0.41350069 0.27914959 
-0.74516826 -0.31831954 
-0.21518538 0.98865426 
0.11612054 -0.08922053 
1.33519483 0.45098859 
1.07357988 0.27880015 
0.57058411 -0.66799679 
0.86306647 -0.44692491 
-0.00050024 0.25363495 
0.23290946 -0.28078591 
0.70439515 0.18932207 
-0.11829081 0.18029602 
2.38984030 -0.29647112 
0.32180416 0.87255609 
0.88319083 -0.21687379 
0.66983913 -0.00534144 
0.40700721 0.36768502 
0.81499553 -0.47092048 
-0.29047116 0.80172603 
1.94388693 -0.58992924 
0.05680919 -0.82527414 
2.76293062 0.68172424 
0.17853157 0.61049034 
1.32970142 0.39035339 
0.83362471 0.06426680 
1.98482597 0.48526370 
2.07188115 -0.39758613 
1.21225425 0.27889549 
-0.05870636 0.36625829 
1.05365408 0.54485725 
0.57653851 0.57516195 
0.87267411 -0.20114530 
1.94697970 0.69319887 
2.20075487 -0.50983012 
-0.91571640 -0.20004204 
0.53647109 0.07156354 
-0.21030614 -0.93401797 
-0.46300795 0.52782144 
-0.80803084 0.92635792 
2.38638000 0.02432701 
1.44769965 0.02360919 
0.02668831 -0.93893275 
0.11161891 -0.82645555 
0.11037378 -0.97677814 
0.11322060 0.60547441 
1.10722870 0.03173562 
1.49874047 0.68008339 
0.44055347 -0.66416330 
0.20645619 -0.44917779 
0.55738868 0.76559823 
1.26713219 0.15990048 
0.09604860 -0.32457540 
-0.15146337 -0.14965658 
-0.55013801 0.09436368 
-0.52167844 0.62455120 
0.07027212 0.11453900 
-0.59501015 -0.10699076 
1.63553473 -0.11000656 
0.23921395 0.36992532 
1.81854062 -0.53328477 
0.90446132 0.32385402 
0.27011883 0.71557590 
0.92133189 -0.15520388 
-0.45456261 -0.83167419 
0.71433903 0.61819314 
0.30213181 -0.31805769 
-0.58989427 0.88267789 
-0.07003547 -0.46315219 
0.20649493 -0.38424367 
-0.13916042 -0.54190590 
-0.48354774 -0.66149083 
-0.21527067 0.70729177 
0.65342512 0.98475921 
1.81060521 -0.14226009 
-0.47697293 -0.04736285 
0.63660535 0.96798543 
-0.70254630 0.45622073 
-0.40666647 -0.72467567 
-0.12891078 0.91541653 
2.03249875 -0.57405496 
0.07826263 -0.80107684 
3.28450816 -0.50973302 
1.19812466 0.33895891 
-0.19785562 -0.96889670 
-1.25686291 0.47278942 
-0.08987872 0.38165978 
1.29951377 0.92570066 
-0.03370864 0.13449692 
-1.75061381 -0.93295204 
-0.08902101 0.05632826 
-0.09877156 -0.39301333 
-1.04952610 0.13759915 
-1.04641344 0.35635666 
1.03340082 -0.68145015 
0.30579224 0.92548469 
-1.22283136 0.91771163 
0.36589631 -0.73615139 
-1.49724047 -0.54163784 
0.12134367 0.69233236 
0.34793357 -0.64999672 
-1.38034334 0.63635612 
1.83919071 0.16342909 
0.66298437 0.36206156 
-0.39157371 0.57532584 
-0.40917292 -0.55944865 
1.60166385 -0.59809393 
1.60988135 -0.21311394 
2.25370934 0.49429532 
0.64568499 0.88261192 
2.12655507 -0.50925126 
0.55934298 -0.66324219 
-0.08953552 0.75971420 
-0.67677670 0.21963228 
0.37782850 -0.30642049 
0.69588923 -0.57271362 
0.31981129 0.89870890 
-0.05437520 -0.16482795 
0.97771766 0.45249278 
-0.31631559 0.70402968 
1.32747509 0.38505525 
1.23518533 0.73422341 
1.30392161 -0.55166849 
2.11381359 -0.87097620 
-1.28642582 0.61768096 
0.39335623 -0.60441300 
0.61203942 -0.80804539 
1.33639960 0.41184907 
0.51994165 -0.49148384 
2.03839588 0.25772256 
1.45821281 -0.27513600 
0.22137416 -0.20148045 
2.21978188 -0.81199945 
1.85761699 -0.70495189 
2.07963027 -0.98372163 
0.98573905 -0.94323411 
1.48791819 -0.50777487 
1.28495961 -0.94372196 
1.07901994 0.68734083 
2.02232166 0.96567844 
0.17135707 -0.12678708 
3.09571704 -0.71516991 
0.56800973 0.61021689 
1.03024138 -0.63455534 
0.42579239 0.97335963 
0.95014653 0.93686612 
0.48979945 -0.47090299 
-0.20828866 -0.76574516 
0.30852176 -0.27273396 
1.00248473 -0.48722366 
1.00065652 -0.22829405 
1.22205468 -0.66122926 
1.01993684 -0.77246133 
0.14034442 -0.61295091 
0.06379972 -0.74963659 
0.18435877 -0.39687258 
1.42830974 -0.05658377 
0.92556796 0.10991633 
