0.24109710 0.47661148 -0.13040469 0.91070816 -0.23641544 0.63413882 -0.74657811 -0.83848409 -0.32341995 0.77571467 
-0.04379186 -0.42268628 -0.20201335 -0.33499044 -0.33429661 0.39581049 -0.50567705 0.10130472 0.79576526 -0.55069949 
-0.63903393 -0.62909960 0.27203517 0.75467248 0.36042862 -0.60613804 0.96128543 0.24489728 0.58452699 -0.75701911 
0.03105465 0.47858411 0.54935110 0.80092710 0.81442252 0.55735161 0.20952859 0.45569729 0.52413229 0.40723421 
-0.58525907 -0.06593666 0.47383480 -0.44573023 0.77119748 0.76669406 -0.51631033 -0.93567417 0.25501563 -0.03417763 
-0.68323898 -0.18363721 -0.59987635 0.30589671 0.45009124 0.16583582 0.38037009 -0.37074040 0.67481053 -0.90623165 
-0.86961470 0.17154899 0.60108518 0.66693150 0.10107906 -0.46347262 0.91718621 -0.84812350 0.77282588 0.05389562 
0.35096361 -0.60805469 0.42125112 0.51243253 -0.66599684 0.95892125 -0.72983327 -0.54167117 0.76680456 0.72207435 
-0.16990998 0.28486985 0.90745729 -0.26931794 0.35048246 -0.37923242 0.37057515 -0.05382010 -0.59618035 -0.46641118 
0.96477663 -0.66258496 -0.53733887 0.76450299 0.56510743 0.28676249 0.68894879 -0.67436838 -0.03247993 0.66422533 
0.28707967 0.64583844 0.40567061 -0.68933102 -0.79765619 0.55694479 -0.52520128 -0.01820034 0.91591651 -0.53617444 
0.70846432 -0.49376350 0.78224755 0.16332622 -0.25462810 -0.68438652 0.83211623 0.32836129 0.03853263 0.84193824 
-0.98282398 -0.45100993 0.06873364 0.64634865 -0.38096182 0.65924299 -0.48115022 -0.60562308 -0.86500127 0.76732749 
-0.11168885 -0.71175465 0.94898423 0.95200169 0.69945196 0.30038983 -0.15514794 0.33294470 -0.30970853 0.22442610 
-0.85244400 -0.44666124 0.66139247 -0.91834058 0.33638075 -0.02637525 -0.66906004 -0.91378935 0.66051787 0.76045126 
0.13833962 0.15516611 0.12818883 -0.26567790 -0.02375058 0.94136270 -0.85100535 -0.80513346 -0.79508262 -0.79474766 
0.17862641 0.72844521 0.47629870 0.73550702 -0.57679260 0.87679745 0.13682968 -0.76980216 -0.94357821 -0.34318580 
0.74070762 -0.98351067 -0.56020562 0.97382540 0.42855362 -0.05174297 -0.39041720 0.16832219 0.07763555 0.71705152 
-0.04253898 0.03640255 0.06960256 -0.82717364 0.06348006 0.99489239 0.03770964 -0.88281447 0.85531467 -0.16744196 
-0.77193552 0.19392123 0.89462498 -0.16879918 0.54556609 0.99409877 0.26289782 0.64945896 0.75611013 -0.76493670 
0.91300136 0.71869444 0.59767363 0.16807220 0.75203472 0.54407484 0.30771442 0.70159305 0.79066878 0.87739702 
0.78051944 0.00079697 0.51515014 -0.47614090 -0.45498420 -0.24304300 0.87671983 0.78125057 -0.71264366 0.67078521 
-0.77525235 0.71549905 -0.70419141 -0.92502631 0.63537848 0.44689646 0.44879072 -0.82538113 0.77608279 -0.56387298 
0.43835945 -0.78815899 -0.68014448 -0.93871362 0.94316081 -0.39329561 -0.50521972 0.98108934 0.17674233 -0.45827726 
-0.95186273 -0.85771855 0.72633060 0.77908368 -0.42033083 0.88334509 0.61526429 0.20478277 0.25427508 0.71828396 
-0.71876532 0.69750414 -0.18380955 -0.95367006 -0.79320994 0.32401356 -0.69937649 -0.73623769 -0.77464754 -0.28717529 
0.48851984 -0.78776033 -0.33667567 -0.43661623 -0.29123903 0.02388808 -0.18648333 -0.87224954 -0.69010519 0.02691791 
0.55434205 -0.97775098 0.53169971 -0.64012953 0.36317543 0.13808374 0.96464243 -0.90971639 0.89742107 -0.81081329 
-0.15017400 0.71132351 0.73401515 -0.25248971 0.23817863 0.25118280 -0.28846856 0.25451472 -0.66363468 -0.24008984 
0.82591159 -0.48303192 -0.40483460 -0.17576473 0.91929343 0.83714796 0.97327797 -0.56105010 -0.08697322 0.42877894 
0.52355757 0.90612261 0.19076455 0.50788405 -0.40517827 -0.29230039 -0.26969864 -0.17200826 -0.67084019 0.86399073 
-0.53373730 -0.84324000 0.32442001 0.28418200 0.07125168 0.40888435 0.22967092 0.27565868 0.59520386 -0.41797064 
-0.59399012 0.90212830 -0.98044119 -0.54138700 -0.61519190 -0.88934327 -0.31027796 -0.75292404 0.90560811 0.78795984 
-0.62863451 0.70225455 0.01103468 -0.23323855 0.31488830 -0.73876358 -0.70325131 -0.09829618 -0.61881255 0.00671355 
0.47818071 -0.22856652 0.72476073 0.64957122 0.69542880 0.59396913 -0.15203826 -0.70452291 -0.94075664 -0.08272052 
-0.85290609 0.47905299 0.52464466 0.55307971 -0.50539307 0.06896976 -0.47272089 -0.65948947 0.58200867 -0.27062443 
0.02817499 0.40085498 -0.59195161 0.65457413 -0.10481034 -0.56930406 -0.43013428 0.58059242 -0.28244833 0.23380259 
0.02439318 0.32245083 0.76750337 -0.15490536 -0.83128453 -0.01187606 0.88132184 -0.76545997 -0.75515197 0.17330567 
-0.11910371 -0.08650639 0.22736376 -0.85860749 0.75477787 -0.29972543 -0.75860533 -0.65733391 0.86898273 0.94132213 
-0.71586306 -0.44499687 -0.56868285 0.24779328 0.02436821 0.98076644 -0.31205210 -0.96878207 -0.70041523 -0.90233213 
-0.94163379 -0.83807107 0.83145825 -0.26360714 -0.66726797 -0.97629961 -0.76729730 0.06176264 -0.29402029 0.88356055 
0.57459007 0.02071409 -0.69051544 0.07435770 0.87183403 0.83652684 0.69103577 -0.10190954 -0.88857910 0.30022869 
-0.90125629 -0.13399070 -0.81498195 -0.48874563 0.04492096 0.60248984 0.53643156 0.89333941 -0.43528542 -0.22312229 
0.45880438 0.48872937 -0.76208129 0.44657064 -0.66213002 0.99680973 -0.19050630 -0.90969884 -0.10168886 -0.78634420 
-0.12454323 0.95580403 -0.72929335 -0.09195129 -0.31131718 0.02368159 -0.99765588 -0.90436719 0.13756235 -0.04413623 
-0.73287341 -0.03392617 -0.68617519 -0.36243921 -0.70699795 0.05852010 0.87740636 0.34026911 -0.46682973 -0.07159119 
-0.33125446 -0.15893934 0.98980761 -0.48482288 0.71701155 0.16836571 0.87724602 0.76670471 0.67086168 -0.36460863 
-0.96189110 0.95874824 0.53301694 -0.08674972 0.59246155 -0.35057791 -0.98032236 -0.26452247 -0.13772115 0.08808131 
-0.22401752 0.53174610 -0.10910454 -0.81145226 0.71791869 0.76434118 0.38870428 0.66707579 -0.13092323 0.54844058 
0.60672803 0.83219534 -0.96414782 -0.76817052 0.29044660 -0.99533562 0.06254601 0.69899595 0.00610857 0.81111993 
-0.80677658 0.92917673 -0.58937610 -0.10697963 -0.03744062 -0.38932024 -0.23639963 0.77448349 0.21671695 0.37649771 
-0.52242908 0.92916530 0.03224646 0.31692747 0.13947522 -0.81686414 -0.58715755 0.12402601 -0.55826324 -0.44469824 
-0.09720846 0.92220779 0.97666605 0.28500860 0.64747557 0.19181378 0.87738333 0.65696261 -0.83498197 0.12666008 
0.31977904 0.52275860 -0.03739602 0.59930956 -0.56029231 -0.94116120 -0.30353725 0.28319416 0.00261152 0.81324087 
-0.93911264 0.16457484 -0.79570581 0.96928866 0.73473314 0.78777148 0.76317775 0.89540444 0.64208801 -0.20611888 
-0.78166647 -0.21572916 -0.89810563 0.85970752 -0.34123079 0.77754945 0.76172418 -0.49732222 -0.68961597 0.33989663 
0.19218629 0.90464699 0.45575688 -0.84364373 0.71163946 0.40176513 0.86685601 -0.45252330 0.86722688 0.97222309 
-0.35986020 0.90878661 0.68108110 -0.34127982 -0.35091995 -0.12163372 -0.80914275 0.34257305 -0.72047095 0.02442951 
0.17532260 0.57951626 0.37319788 0.43165765 0.68882120 -0.74603050 -0.26958616 0.30539854 0.24532724 0.64778832 
-0.56411990 -0.36634987 0.86375771 0.42684086 0.73810346 -0.59219055 -0.21898713 0.00763929 0.37392737 -0.47147263 
0.23473917 0.50764558 0.49022495 0.05034957 0.33698060 0.08336067 -0.70958899 -0.35288774 -0.01482222 -0.90262789 
-0.16476167 -0.88774841 -0.56822556 -0.88531911 -0.97285231 -0.38407348 -0.63475472 -0.65265546 -0.84944026 0.12022575 
-0.29577744 0.81653131 0.53249947 0.33949851 0.31035222 -0.69479102 0.06809143 -0.47757369 0.69023931 -0.60461682 
0.03224681 0.66877850 -0.12508722 0.81345894 0.04009827 0.42181448 0.93127382 -0.01893663 0.30978383 -0.67517189 
0.00222247 0.80180540 0.18028130 0.75970512 0.13070120 -0.95841900 0.02869706 0.12338745 -0.80132351 -0.44230766 
-0.23183119 0.57218625 -0.40710782 0.41903137 -0.45749912 -0.14099339 0.34200682 -0.29557969 -0.42213009 0.49846295 
0.25906003 -0.00724231 0.29533850 0.77200128 0.92859688 -0.26040885 0.60339757 0.93906725 -0.31954100 -0.11024230 
-0.96533891 -0.93454886 -0.60737564 0.25662070 -0.15541908 -0.21093263 0.47819610 -0.45693827 -0.05494838 0.66291576 
0.86304652 0.72443271 0.33442534 -0.65958648 0.50686516 -0.11418132 -0.60624815 0.96720659 0.15881642 -0.20706036 
0.32440013 0.86435107 0.45088946 0.29850916 0.95667006 0.94073010 0.44558879 -0.40014011 0.52416311 -0.40889709 
-0.00177518 -0.14927660 -0.72330870 -0.10731253 0.45299084 0.19279884 0.81851791 0.89596888 0.08092732 0.84694567 
0.33402506 0.27325532 0.59341709 0.74848672 0.86858810 0.45566462 -0.18663559 0.67845155 0.64734291 -0.97761107 
-0.60651320 0.27819914 -0.77606498 -0.89206458 -0.38218907 0.48824345 -0.24430108 0.90043621 -0.31626695 0.82337564 
-0.86735310 -0.09032621 0.30412752 0.01766640 -0.65866715 -0.18387044 0.12785185 0.79241469 -0.67466536 0.58484349 
-0.61693623 0.78929269 -0.43359731 -0.43737309 -0.49987160 0.77148117 -0.62650623 0.62240316 0.00128440 0.17287058 
0.95484808 -0.56732942 0.73324736 -0.63374761 0.42292182 -0.51184450 -0.51862759 -0.89473724 0.88170770 -0.30084083 
-0.84134452 -0.76323692 -0.63134268 0.06843228 0.65104055 -0.26381157 -0.81295809 -0.14739146 0.71410069 -0.70861310 
-0.06917175 -0.22659127 0.41118567 -0.72471135 -0.78049762 0.40848152 0.83594105 -0.12657304 -0.03860030 0.24088264 
0.32965141 -0.03209933 -0.88956732 -0.96051781 0.18556718 -0.63876326 0.97440786 0.44692167 0.18541164 0.28000552 
0.20198235 -0.58969693 0.38979769 0.97308781 -0.11973065 0.05411699 0.05304914 -0.12783576 0.96573975 0.10120371 
-0.28675212 -0.41415178 0.28773205 0.88356997 0.50699201 0.93506122 0.26719566 0.95311029 0.50564978 0.45389899 
0.70315983 -0.41419611 0.27596676 0.45311965 0.25000467 0.70616123 -0.73921708 -0.27646301 -0.69565091 0.41048084 
-0.16326271 0.02498893 -0.35176198 -0.09261429 -0.66567913 -0.38099276 -0.14706242 -0.38998018 0.05051287 0.47388259 
-0.27482024 0.19788482 0.92960120 0.21438886 -0.76211583 -0.74572279 -0.50810960 -0.26459253 -0.40273065 -0.01224456 
0.37712616 0.20370884 0.97722636 0.97229613 -0.93840247 0.58659247 -0.61293943 0.35047839 0.53984364 0.42290745 
-0.27168184 0.31856953 -0.91609600 0.53079949 0.97477617 -0.11345564 -0.48650090 0.17060687 -0.98960174 -0.76329178 
-0.42895413 -0.98317382 0.67669593 0.89318171 -0.75909147 -0.17086341 0.69991364 -0.05938288 -0.11339581 0.76746316 
0.48477255 0.29097131 0.47164380 0.64437954 -0.57091729 -0.32781071 0.31488274 0.46977976 -0.41235906 0.86156376 
-0.06223366 0.46488190 0.53863466 -0.61781977 -0.46025297 0.69040477 0.36334611 -0.48822182 0.93300455 0.00860042 
0.06715796 0.08061796 0.22709838 -0.32510664 0.97448882 0.17520638 0.24306421 0.12125104 0.25028405 0.76382557 
0.79032337 -0.10087281 -0.06983212 0.44683893 -0.01385203 -0.87180133 0.84570528 -0.22704712 -0.34541329 -0.28695430 
-0.41666368 -0.52348566 -0.75817552 -0.88433419 0.37390966 -0.53367879 0.33430588 -0.09362351 0.40352253 0.14421159 
-0.30373442 0.21396285 -0.64702524 -0.36637090 0.22607979 -0.39318681 0.88021785 0.60450258 -0.32909511 0.59334057 
0.17080051 -0.11382334 0.71815803 0.48357426 0.71053156 -0.09413673 0.38831592 -0.10501231 0.72033547 -0.00301909 
0.26562048 -0.21430268 -0.89721252 0.48242247 -0.26542047 0.65911333 -0.16698028 0.96769919 0.26091889 -0.84740879 
0.99215331 0.57681699 0.39032014 -0.04420543 0.82209764 -0.53086234 0.84610063 0.84889489 -0.50631396 -0.64297737 
-0.34445993 -0.20850464 0.19359782 -0.43850766 0.31732636 0.92338942 -0.00290253 -0.79417882 -0.46953824 0.89375341 
-0.36999973 0.83156665 0.16531214 -0.73901249 0.79480464 -0.08588861 -0.46934953 0.99787756 0.02743772 -0.63550037 
0.33298882 0.97677118 0.78269264 0.48326716 -0.15832371 0.35561043 -0.65870017 -0.65560452 -0.09674720 0.02386025 
-0.37518520 -0.44541285 0.38711745 0.95828033 0.80577018 0.91600148 0.42330556 -0.67283476 0.08078343 -0.61044453 
-0.26177603 0.66589534 -0.19674639 0.53170568 0.40768618 0.63718661 0.77519418 0.25279978 -0.80774351 -0.69434632 
-0.40097841 0.24268496 -0.76693845 0.47858010 -0.27648851 -0.19675258 0.76465369 0.90372775 0.18903145 0.53524851 
-0.35185012 -0.48418734 0.26288686 -0.33602186 -0.19314533 -0.90118527 -0.53488383 -0.25307602 0.29222965 -0.41666317 
-0.43188971 0.30907937 -0.00553108 -0.79112102 -0.28287106 -0.30920763 -0.98611716 -0.63493654 -0.10508697 0.10262370 
0.65719064 -0.58601550 -0.04437303 0.35405107 0.12641734 -0.62039366 0.57232665 -0.66947555 -0.09056013 -0.55139129 
0.28754856 0.15958735 -0.54051526 -0.72007573 -0.62949124 0.14495073 0.62187620 0.95147186 -0.11087982 0.94418993 
-0.57245494 -0.33687827 0.96728657 0.05034297 0.01032879 0.57234940 -0.01522312 -0.33763340 -0.14775555 -0.35095236 
0.30292809 -0.26874088 -0.22311916 -0.01749559 -0.80819958 0.77372243 0.95155476 0.13440109 0.36206157 0.30846636 
0.54239353 0.50757643 -0.44537150 -0.33282639 0.61940868 0.02684990 -0.21039400 -0.18410702 0.61862880 0.66367202 
0.44202696 0.67709311 0.05402467 0.76643063 -0.20875908 0.42081188 -0.19878437 -0.82745094 -0.03134194 0.82236893 
0.85183733 0.63713526 -0.07641596 -0.96031735 -0.83672789 0.82582251 -0.63305854 -0.91160729 -0.85127697 -0.91735496 
0.86065124 -0.55541444 -0.27894110 -0.14223812 0.01908411 -0.81561707 -0.81531683 -0.02097663 -0.55428680 -0.81127327 
0.50574472 -0.84288637 0.82902190 -0.99237254 -0.36182221 -0.30311509 -0.05243791 0.08587404 0.05323503 0.36840162 
0.10492394 -0.66247859 -0.86694391 0.03525902 -0.07307855 0.66419853 -0.91147246 -0.36953715 0.29350839 0.49009519 
0.63179455 -0.06968759 -0.92629792 0.82997925 0.02505687 -0.90269096 -0.30497551 0.73218841 -0.29914536 -0.83592273 
0.22204026 0.10487762 -0.31464652 -0.96957465 -0.83593131 -0.67087385 -0.55809227 0.64647864 -0.11212527 0.76480027 
0.44759858 -0.81424589 -0.06209151 0.01620152 -0.35282993 -0.50170313 -0.93542004 0.47672225 -0.63328869 0.18677198 
-0.32321392 -0.90704431 0.63997676 -0.79600834 0.26286257 -0.13146318 -0.17286690 -0.62187078 0.51791722 -0.66288509 
-0.18171021 -0.49284167 -0.84012929 -0.24172055 0.82855525 -0.83801037 0.35076241 -0.25656579 -0.87422878 -0.71670287 
0.81820644 -0.69327498 -0.54015167 0.55542578 0.05537907 0.89809286 0.40417474 0.46781222 -0.86258637 -0.69895014 
-0.36177801 0.13675289 -0.75469279 -0.53140726 -0.42153257 -0.06178761 0.35430039 -0.25755086 -0.45442269 0.72588178 
0.14063228 -0.77983825 0.30002737 -0.25914346 -0.67629900 0.84894689 0.20116375 -0.92613923 0.31168281 -0.85748423 
0.56032840 0.45594518 -0.45830931 -0.33600468 0.93881396 -0.69584116 0.17702655 0.52939883 -0.54195176 0.60650047 
-0.22327253 -0.74073637 0.22529720 -0.63226872 0.03385276 0.71047446 0.63311585 0.70958963 0.35075408 0.23605403 
0.09924796 -0.81795568 0.96092370 -0.13168505 -0.89595555 0.17103844 0.42352628 -0.11070118 0.04037119 -0.74421365 
-0.04607883 -0.47712489 0.21073907 -0.64094018 0.87441017 0.58915373 0.14177093 0.01252939 0.99702535 -0.12772563 
0.39874842 -0.71009632 -0.02458326 0.80138738 -0.57420138 0.73099686 -0.32293780 0.07335571 -0.25773283 -0.03115997 
-0.71141654 -0.20617252 -0.34041811 -0.72745083 -0.19459384 0.97245157 -0.91048505 -0.82378634 0.74718340 0.98128490 
-0.01126952 0.84157351 -0.28119750 0.89271670 -0.01638109 0.13951009 -0.67277652 -0.83854900 0.27274745 0.29321572 
0.66773547 0.80663650 0.56706186 0.40052442 -0.25389875 0.21506877 0.28678852 0.46142734 0.58423103 -0.90143462 
0.59073260 -0.36504841 0.62910722 0.72366744 -0.13763761 0.75287545 -0.06717179 0.38742632 -0.08929259 -0.20102257 
-0.07529456 -0.12330816 -0.70376549 0.98565257 -0.14422785 0.73746790 -0.25739424 0.50465888 -0.50779465 -0.08155590 
0.06279119 0.10817243 0.51676054 -0.68070350 -0.33315424 -0.67350187 0.68122295 0.83824000 -0.61796598 -0.69708726 
-0.17845298 0.32919077 -0.31324375 -0.04112621 -0.76967620 -0.15958062 -0.56448940 -0.76235282 0.83415451 0.24556903 
0.99140053 -0.28601601 0.58967358 -0.64085257 0.64559409 -0.91032215 0.94740278 -0.90862103 -0.45491325 -0.18137300 
0.59420827 0.79454179 -0.72769568 -0.65959232 -0.14271812 -0.83868437 0.36886866 0.73104580 0.06389555 0.36879998 
0.32869931 -0.61545729 0.44887481 -0.66580367 -0.15931397 -0.91789980 -0.92318450 0.74959565 0.95478043 -0.16496288 
-0.55686847 0.05881720 -0.14256269 -0.08694509 -0.51075413 0.41750264 0.95767111 -0.11220951 -0.54879459 -0.27830149 
0.78521230 -0.01958818 0.23281246 0.63284030 0.93971773 0.08806278 0.25256810 0.73918560 0.27552182 -0.05589680 
0.12466753 -0.85113449 0.28184948 0.24367909 -0.77986526 -0.89225991 -0.03908392 -0.42383803 0.38094750 -0.13656394 
-0.78353756 0.92461256 -0.89387743 0.78096253 0.87424672 -0.99171924 -0.08469875 0.04779821 0.34955689 -0.24020582 
-0.14678169 0.69490356 0.52473585 0.83032940 0.67470589 -0.85785372 -0.01779500 0.27819973 -0.26934145 -0.07999224 
-0.76249493 -0.73724022 -0.97203039 -0.33831796 -0.73006597 -0.33671727 0.95589962 -0.56240678 -0.76822832 0.12534840 
-0.87884148 -0.94346833 0.20351875 -0.75525166 -0.71728987 0.57148213 -0.98652103 -0.12429557 0.47554148 0.52609830 
0.77709316 0.68580207 0.31137154 -0.26815162 0.68427208 -0.67157682 0.86117729 -0.73703857 -0.21900846 -0.22053849 
0.62193322 -0.10321451 -0.21709992 0.47607578 0.80507819 -0.80291946 0.75913415 -0.87271170 -0.69766892 0.34222821 
0.40760385 0.57025471 0.30335290 -0.19643208 0.92136628 -0.15912040 -0.32489331 0.64289189 0.90132186 -0.17215860 
0.32160011 -0.15059684 -0.37942538 0.12016624 0.27868151 0.45280832 -0.91987363 -0.37443050 -0.25696426 0.16993791 
0.12128036 0.47427674 0.34279024 -0.03892555 -0.13880655 -0.15726818 0.18998970 0.14882891 0.59138219 -0.97078945 
0.97911782 -0.00670660 0.55288970 -0.57546805 0.30051565 -0.44014536 -0.29336801 -0.61355504 -0.86951671 0.75971625 
-0.23273963 -0.11793859 -0.17653146 -0.83103534 0.92558224 -0.17472722 -0.23046485 -0.71897603 0.31848672 -0.72809638 
0.58434375 -0.12379830 -0.79623861 -0.66735204 -0.11279975 0.42993574 0.75762181 -0.79322971 0.35253376 -0.49778924 
-0.60612401 -0.37231674 -0.74977844 0.40451095 -0.16215088 -0.86133470 -0.94144062 0.94508020 -0.29697142 0.49328852 
-0.88607217 0.43983394 -0.54239495 0.08487960 0.38774193 -0.63040833 -0.52786365 -0.16457461 0.37251121 0.11626545 
0.07306351 0.30007021 0.79367600 0.64508057 0.21011431 -0.88067046 0.80555864 -0.39725510 0.89253477 -0.37212446 
-0.23814650 -0.36069140 0.70525061 -0.85569033 0.70312988 -0.22701434 0.79703396 -0.63104491 0.92303576 0.81761218 
0.88962747 0.50013801 0.77211489 0.53938169 -0.96295002 0.27415315 -0.19882032 0.54809258 0.99524837 -0.74686559 
0.77402076 0.74313944 -0.24619109 0.33128146 -0.82477595 0.19752486 -0.72239860 -0.84934041 -0.01689982 0.11261834 
-0.38468796 0.29043150 0.38666705 -0.36126066 0.97150893 0.00230233 0.68141934 0.50809104 0.31503531 0.32445268 
-0.51602583 -0.60000675 -0.11941907 -0.77798982 -0.57517965 -0.14054467 0.60307973 0.88013010 0.03308942 0.47316140 
-0.50481883 -0.50306534 0.07811160 0.21731128 -0.01300995 0.84630534 0.96036737 0.11596393 0.34225883 -0.19856118 
-0.46262679 0.67464968 0.14903939 0.79070339 -0.34617232 -0.57916328 -0.41859736 0.56525277 -0.21070768 0.71964471 
-0.54142842 0.18558736 0.07607499 0.69985897 -0.56883653 0.11422459 0.99818335 0.19076016 0.67777645 -0.49967963 
0.85783113 0.30061562 -0.15066423 -0.05313051 0.25189149 0.31223390 0.21718354 -0.02507316 -0.08085712 -0.57248795 
-0.57547860 0.84242161 0.62574634 0.01689863 -0.23610909 0.45764054 0.88589805 0.86729604 0.46308385 0.88242871 
0.32730987 0.52067542 0.77759259 0.25767561 0.68172017 0.47375795 0.83062559 -0.81286447 -0.48507232 0.81431340 
-0.88474820 -0.99244257 0.82415031 0.79403295 0.04626990 -0.07169699 0.23929225 0.95801615 0.92351097 0.01087854 
0.09144201 0.63714901 0.54212216 -0.13414575 -0.13129353 -0.69491156 -0.53161668 -0.74695291 -0.53064244 0.67036587 
-0.23657904 0.41226958 0.95945048 0.39648738 -0.43853999 -0.42156619 -0.42446641 0.27442678 -0.33003112 -0.32428179 
-0.38980603 0.98800383 -0.52891578 -0.08545951 0.57800849 0.45411144 0.27025300 0.28450526 0.32303371 -0.66582029 
-0.84176020 -0.43580397 0.90182036 0.24429576 0.20931330 -0.28416969 0.55048117 0.18930822 0.39584077 0.17493560 
0.20119290 -0.28149669 -0.22788033 0.87422042 0.38523253 -0.21774067 0.96490089 -0.01080347 -0.36322232 0.37372316 
0.93394735 -0.47209640 -0.86088557 0.80101183 0.81734893 -0.58125484 -0.30186417 -0.82262432 0.88514553 0.69533839 
0.28603272 0.60969317 0.65488613 0.39310751 0.69925715 0.06541708 0.80708180 0.48955977 0.25501365 -0.38609310 
-0.53549941 0.29044423 -0.51832991 0.36667969 0.63289987 0.54366271 -0.47524341 0.58249243 0.52537578 -0.20032853 
0.85538315 0.69624819 0.41766405 -0.49725009 -0.74516180 -0.20525820 -0.43288763 0.07406381 -0.62363223 -0.93216224 
-0.26297638 0.52548016 -0.39657117 0.91923203 0.75182508 0.03635417 0.11186643 0.02909224 -0.71315254 -0.93528743 
0.94290369 -0.83546390 -0.13512786 -0.97364282 -0.97209199 0.61288648 0.59803466 0.03444498 0.09206246 0.68849168 
-0.30624420 -0.65820157 -0.51252401 -0.44789287 -0.66147462 0.77139390 -0.15166585 0.16767709 -0.22849221 -0.32268616 
-0.14311644 -0.15373449 -0.73343266 0.09201030 -0.79978648 0.62669324 -0.09352661 0.11607319 -0.65731938 -0.11009914 
-0.28027850 -0.09713090 -0.71172797 0.37716766 0.10720795 -0.52189718 0.82732732 0.32312548 -0.31694454 0.71715385 
0.11630475 -0.15378289 0.28137167 -0.84055978 -0.65994288 0.62679274 -0.20906890 -0.31681868 -0.82719528 0.88468479 
-0.43998443 -0.46279631 -0.31223768 -0.38132003 -0.83822597 -0.54210943 0.13299467 -0.66986322 -0.21066006 0.70656872 
0.59113604 0.98536943 0.69970490 -0.13469950 -0.95576056 -0.04802084 -0.06993314 0.97164509 -0.90450771 0.45519041 
-0.56345419 -0.72440548 0.48054495 0.90829815 0.40732744 -0.56204048 -0.38537506 -0.80274784 0.92484772 -0.49259060 
-0.09700810 0.34781338 -0.71255995 -0.96957740 -0.68361936 0.46635862 -0.49224228 0.38459999 0.52557771 0.92891047 
-0.53734552 0.13873416 -0.92504674 -0.94250098 0.05237338 0.05195447 0.03872839 -0.39525077 -0.34736645 0.12845102 
-0.73329285 0.35128895 0.47290548 -0.67788822 0.19622861 0.92458327 -0.48336022 0.90899230 0.63840552 -0.73849459 
-0.94232541 -0.54903463 -0.65699058 0.69842954 0.02927682 -0.65158172 -0.89144800 0.62859175 0.67082936 0.17311623 
-0.38626310 0.36581940 -0.47905155 0.57635426 -0.71806885 -0.56140803 -0.36951424 -0.58421502 0.29193157 -0.20515137 
0.32519800 0.50788749 0.06296672 0.88317225 0.28666579 -0.49595319 0.32712187 -0.66193339 -0.44668697 0.75961292 
-0.95534140 0.22002231 0.48874755 -0.30913255 -0.30774853 -0.56792819 -0.45650969 0.90042323 -0.78266651 -0.16387468 
-0.66327283 0.46347005 -0.27454528 0.70116563 -0.26431272 0.39585223 0.09262219 0.74089311 0.89290315 -0.54826513 
0.35680777 -0.85868980 -0.92361932 0.61034393 -0.52875711 -0.60161370 -0.16342734 -0.80431947 0.25001794 0.41527362 
0.77979781 -0.49589064 0.48356534 0.26952296 0.36389644 -0.26899743 -0.26930297 -0.19955556 0.60488332 -0.79987207 
0.13462133 -0.69363376 0.90013451 -0.97557815 0.48084361 -0.94392485 0.88150723 -0.50277937 -0.14507437 -0.93693808 
0.03474136 0.69471352 0.91182383 0.97006048 0.54362992 -0.13253222 0.82363186 -0.69840127 0.01329051 0.61239050 
-0.78123732 -0.62248184 -0.68535565 0.98143193 0.71693035 0.93476156 0.14945039 -0.46887909 0.02200127 -0.77175147 
0.45980196 -0.27422665 0.33304103 -0.48138100 0.09541067 -0.22587582 0.85420511 -0.66271032 -0.74930905 -0.76002332 
-0.96556858 -0.60823484 -0.73833680 -0.74362032 0.33497991 -0.39980251 0.73327377 -0.05480697 0.77347884 0.10900106 
0.65160514 0.21047865 -0.76473203 0.93316457 0.21901878 -0.07994132 0.46081130 -0.79728652 0.29605669 0.75973202 
0.44460667 -0.40028829 0.92871257 0.89887553 0.77466599 -0.63673581 0.65398563 0.38844453 -0.60411255 -0.17307846 
-0.87730866 -0.90403556 0.91473043 -0.78827107 -0.42282173 -0.47949793 0.82534650 0.86959329 -0.70063581 0.06735414 
0.88347902 0.63474325 0.17518078 0.93453789 0.45756023 0.14459997 0.72625800 -0.86113246 -0.74205913 -0.31879560 
-0.95260681 -0.84955416 -0.07948529 -0.63939481 -0.98142808 -0.66534023 -0.97249629 -0.59351980 -0.43079794 -0.91828083 
0.22287420 -0.15995780 -0.17483274 0.42903533 -0.10804214 -0.80336119 -0.73302495 -0.60055111 0.91682820 0.25650648 
0.74944187 -0.27807911 0.41911393 0.48899250 0.84506970 -0.99178317 0.30732580 -0.55437555 -0.62705865 0.14370451 
-0.09652810 0.97339458 0.79378936 -0.70039687 -0.20886615 -0.63571301 0.10183807 -0.18562429 -0.87559764 -0.43647765 
0.64222195 -0.77707460 0.06672652 0.74550287 -0.70859228 0.29339075 0.54150481 -0.53718666 0.74400192 -0.00406127 
-0.50517364 0.46605172 -0.70844087 0.95252925 0.32502741 -0.45492042 0.78076640 -0.88786833 0.15075246 -0.45198132 
-0.92392866 -0.43890545 -0.80265594 0.50758804 0.44988191 -0.82358158 -0.24677157 0.74395298 -0.91319078 0.13261615 
0.24548092 0.71902335 -0.53794896 0.06039517 -0.29002313 0.03042561 -0.23880094 -0.94700155 -0.58279878 0.75007307 
-0.92124471 0.46148619 -0.95548529 0.52179620 0.42670262 0.05388144 -0.94713380 -0.44779641 -0.91488619 -0.98817440 
0.85315671 -0.31715614 0.68778489 -0.30113473 -0.06544579 0.18377824 0.68722834 -0.49533221 0.06752368 0.24924300 
0.42320908 0.22743156 -0.86862679 0.13163830 -0.02413181 0.33060569 0.18575199 0.24427498 -0.31467660 -0.69735302 
0.49031600 0.53797415 -0.77617047 0.11320854 0.39266677 0.99611695 -0.64957259 -0.90139045 0.57312443 -0.47600025 
-0.07739588 -0.19780307 -0.89571300 0.08658248 0.51419571 0.66252098 0.95488560 0.19103594 -0.95359714 -0.62044961 
-0.70887339 -0.15854602 -0.02321585 -0.75941988 0.37407770 0.30564111 -0.78832301 0.56099443 -0.65251738 -0.51965684 
-0.94237477 0.34256365 0.20002146 0.16895778 0.16688266 0.28542550 0.31781736 0.79991264 -0.74780082 0.91936628 
0.30033632 0.21507063 0.29278443 0.04503786 -0.22537258 -0.61731724 0.37863413 0.35957310 0.11133327 -0.15884146 
0.59291922 -0.55932416 0.11458912 -0.19156312 -0.51400253 -0.55442921 0.81616908 -0.96415408 0.11208183 -0.76460951 
0.95896505 0.98538716 0.00673167 0.91608203 0.58627173 -0.98434285 -0.76657192 0.51865587 0.84216848 0.59472579 
0.00560717 0.62914163 -0.88867574 -0.06703785 -0.83768129 -0.81859577 0.80503735 0.94608413 0.36435458 0.31288301 
-0.84760727 -0.86277868 0.93956981 0.21346473 0.28053317 -0.16817949 -0.54385602 0.54485173 0.33516665 0.77427266 
0.93649169 -0.61154144 0.22234180 0.39332494 0.15638123 -0.61182543 -0.31686905 0.75464531 0.86799511 0.34147659 
0.00945645 0.21882230 -0.99361756 0.24348950 0.75056773 -0.05026115 0.40651133 -0.15407347 -0.26949080 0.73125941 
0.72589807 0.14717943 -0.64184036 0.68560516 0.14977604 0.84044304 -0.56381332 0.15298473 -0.20112927 0.55365030 
-0.59001486 -0.62827171 0.47985592 -0.91530903 0.64965362 0.29083866 0.21933483 0.78193799 0.64886443 -0.91230636 
0.87203456 0.19055935 0.44192923 0.65624222 0.51765743 -0.52728787 -0.35429119 -0.89370585 -0.85057945 0.96427537 
0.09965850 0.78519946 0.40116850 0.77194532 0.16259409 -0.52382515 0.16288355 -0.44928016 -0.40753375 -0.25995937 
-0.44083868 0.54092618 0.90347118 0.39139671 0.53773643 0.78127163 -0.66390969 -0.91185988 0.43729044 0.54875967 
-0.88423029 0.01202586 0.52138597 -0.79023095 -0.97805094 0.65394353 0.73399917 -0.53616337 -0.71639614 0.08241694 
-0.70284600 0.11003311 0.95727291 0.57827283 -0.57015996 0.34955571 0.41827731 -0.32469873 -0.83791497 0.74677628 
-0.99832459 -0.90204781 -0.73906393 0.97647284 0.84876952 -0.37856700 0.73984118 -0.92832770 0.12931483 0.14368477 
-0.09730397 -0.15733090 -0.11024181 -0.38388151 -0.76519433 0.53738249 -0.06830079 -0.97218243 -0.75663595 -0.05814272 
-0.43918993 -0.79400114 0.06228131 0.03964475 -0.17034987 0.31108495 -0.24942564 -0.66844528 0.32537091 0.27469927 
0.86061519 -0.39663768 0.96145011 0.81860083 -0.19276489 -0.95782510 0.26551302 0.80191306 0.13516067 0.00942761 
-0.74295884 0.62705103 0.11164473 -0.59004496 -0.03572948 -0.45822543 -0.39637593 -0.12894113 0.79432624 -0.36954011 
0.15944924 0.98515835 -0.71750275 0.58955685 -0.37339614 0.24198222 -0.09877880 0.97693155 0.55138042 -0.48223885 
0.17845160 0.36488807 0.09857565 0.46855840 -0.47246341 -0.43067403 0.22120192 -0.06915605 -0.52495415 -0.00796640 
0.27827784 0.77444698 -0.69639963 0.36997320 -0.75051663 -0.41812050 -0.94293762 0.82487861 -0.74664762 0.48324119 
0.44687048 0.95981409 -0.39627612 -0.01452352 -0.94054003 -0.29046775 0.76251439 0.41473180 -0.55909870 0.00356627 
0.63833228 -0.98698659 -0.40739808 -0.79776103 -0.03566855 -0.22555582 -0.64127656 -0.15989058 0.42606496 -0.65464091 
-0.33103542 -0.32151879 -0.66776111 -0.56115159 -0.66308828 0.33965828 -0.97023081 0.09855002 -0.20232471 -0.69766724 
0.86812897 -0.15735588 -0.36018210 -0.27695409 0.95351748 -0.31598727 -0.08599297 0.04592405 -0.62231782 -0.69358947 
-0.58611693 0.21231840 -0.92813887 -0.06130313 0.94961429 -0.34470153 0.33302511 -0.38081271 -0.24112981 -0.10613823 
0.28294448 0.06407175 0.81210814 -0.45412713 -0.95810944 -0.14770726 -0.97337392 -0.69700707 -0.39189748 0.94099627 
-0.59224186 -0.91409138 -0.55802412 0.64969149 0.31075492 0.58459981 0.18141572 -0.82256639 -0.01103614 -0.86814725 
-0.88643429 -0.24871818 -0.96278881 -0.88616158 -0.20594555 0.94451658 -0.63106586 -0.30394771 0.48930795 0.91314042 
0.65476777 0.65098712 -0.43395974 0.45360328 -0.65522205 0.57100161 -0.83000000 0.60219278 0.97749250 -0.74458969 
-0.06180848 0.11005592 0.44748401 -0.29943875 -0.35491740 -0.95089037 0.82352573 -0.99095487 0.59083649 0.10241594 
-0.87319117 -0.05953909 -0.77969116 0.92257150 0.20948686 0.27690712 -0.53879019 0.22241885 -0.16232845 0.13131926 
-0.56081392 -0.23177040 0.66396242 0.97144220 -0.07074985 0.04306900 0.38600886 0.85462760 -0.75224920 0.39909647 
-0.53640898 0.17006221 0.83932185 0.46361567 -0.96831133 -0.56131300 0.16544435 -0.01478158 0.71408938 0.87438016 
-0.12103786 0.15433214 0.44392506 0.16465628 0.73626230 0.42809390 0.41638250 -0.33122201 -0.29552332 0.70756109 
0.45946931 0.43990582 -0.23756900 -0.22260250 0.47082674 0.67633383 0.96694401 0.08309915 -0.86825634 0.54444069 
0.07123144 0.78615010 0.91506227 0.79168231 0.63473873 -0.13252920 -0.14770785 0.74201642 0.33636118 0.12269037 
0.23439557 0.46710125 -0.38490667 -0.71156207 0.17132078 0.60554885 -0.71418208 -0.83188586 -0.10076011 -0.77300654 
-0.66645611 -0.85609801 -0.61751262 0.94977377 -0.07041568 0.48370679 -0.48923431 -0.01695825 0.00560066 -0.87722144 
-0.88610081 0.56907534 -0.69139241 0.73025608 0.91617647 0.62813862 -0.31984456 0.05067998 -0.12197662 0.31741132 
-0.19662827 0.98115285 0.29603350 -0.48150631 -0.67658269 -0.47580803 0.06384942 0.26298739 -0.66996793 -0.52783348 
0.19390240 0.00446138 -0.20612565 -0.77639698 0.51201219 0.26589704 0.14516638 -0.02199067 -0.47285924 -0.31394159 
0.70140189 0.88384757 -0.83196895 0.24858869 0.04879382 -0.74517843 0.05675984 -0.00621600 0.61402045 -0.61489504 
-0.92845291 0.78007198 -0.80515501 -0.67745868 -0.69892909 0.93843667 -0.75187592 0.73718235 0.46656721 0.61291560 
0.43375245 0.22740101 0.57716048 0.46805234 0.05078470 -0.55958811 0.24976311 0.47564544 0.37444388 -0.85172571 
-0.13051903 0.41825078 0.03323496 0.82421121 -0.09511040 -0.04471495 0.73757078 -0.56227409 -0.31609739 0.44127246 
-0.45897164 0.98825202 -0.80521880 -0.97675242 -0.64389458 0.54942364 0.77733191 0.31423446 -0.51695101 0.38859882 
-0.80390465 0.35154516 -0.88510621 -0.92615160 0.35746253 -0.77660693 0.86385608 0.30005940 0.21485042 -0.45885556 
0.02420077 0.20797313 0.40409873 0.43571995 -0.10605441 -0.61463411 -0.09501046 0.40779306 0.61109532 -0.48475878 
-0.79116244 0.81606237 -0.95662566 0.30436879 0.33905626 0.90164961 0.36378274 0.50547391 0.09310617 -0.15813717 
-0.94017125 -0.74737260 0.57455568 0.27615622 -0.51235847 -0.75050663 0.21468446 -0.82556414 -0.54555444 -0.70691605 
0.65464510 -0.91090184 0.80562042 0.26546472 0.86571914 0.86169672 -0.42674737 -0.79189747 -0.35439848 -0.84462855 
-0.83156086 -0.77737295 0.43032178 0.57350172 0.26003588 -0.71617029 0.92082219 0.04146672 -0.87447194 -0.28660171 
-0.08224062 -0.15494861 -0.36366427 0.48432475 -0.69965942 -0.98947059 -0.12851033 -0.27849769 0.50852853 0.63213740 
-0.89609596 0.67899417 0.88499103 0.75774784 -0.72016893 0.43958292 -0.92096217 -0.61404024 0.70807207 0.80210432 
-0.88397578 0.38228373 -0.56397056 -0.05344152 0.55275298 0.64632670 -0.37074249 0.38430989 -0.36663790 -0.62829976 
-0.20823637 0.57088809 -0.77049214 -0.10082344 0.96658454 0.64766579 0.94999923 -0.63730278 0.27825197 0.09907772 
-0.49982700 -0.16098225 -0.58785481 -0.30587270 0.03190727 -0.11909146 -0.90605556 0.18056190 -0.72581053 0.47829175 
0.07317457 -0.57778923 -0.41110937 -0.59278417 -0.01101202 -0.95935936 -0.06333892 -0.51428825 0.15841622 -0.43798904 
-0.96067734 -0.32814595 0.46067702 -0.30477992 -0.02807786 0.70212741 -0.11517476 -0.02850949 0.57074683 -0.26115521 
0.83882811 -0.27863805 0.49790559 0.40267912 0.21010219 -0.94111799 0.62966347 0.59259654 0.86599544 0.04238152 
0.43948107 -0.88409942 0.97963035 0.42823357 -0.14781568 0.81360544 0.94190961 -0.30039798 -0.54882355 0.51870374 
-0.72281750 0.68690869 -0.76244949 0.13913536 0.46790280 -0.34309863 -0.80888965 0.83901298 0.31370687 0.42876536 
-0.48944270 0.47572466 0.96046287 0.14698500 -0.57185302 -0.67514005 -0.33120041 0.54121883 -0.47708220 -0.77685981 
-0.79895843 0.82109053 0.16870496 0.02981153 -0.68271277 -0.40065293 -0.21915776 0.19099313 -0.22721972 -0.75206441 
0.68329374 -0.98266351 -0.15965733 -0.51677592 -0.95459972 0.97293785 -0.01133044 0.40539163 -0.39732520 -0.37772095 
-0.86389867 0.47265727 -0.08886224 -0.62687905 0.57529109 -0.95481958 0.08650676 -0.78014890 0.88907008 0.84702402 
0.68922514 0.01847163 0.31302303 -0.01337424 -0.25629428 0.95103467 0.56229914 -0.31447678 0.74897542 -0.36757125 
-0.89826182 -0.45241738 0.35488444 0.98012763 0.00645561 -0.88500758 -0.96017479 0.04192533 -0.27073028 0.55720531 
-0.41352043 0.42801351 0.64898583 0.70499885 -0.55242597 -0.11943314 -0.07175426 -0.72732674 -0.83061752 -0.19151242 
0.79338246 -0.21772918 0.63704864 -0.52790730 0.08475418 0.61710398 -0.76570231 0.44594669 -0.01263658 -0.79276305 
-0.16475899 -0.32843885 0.66343972 -0.61370765 -0.77337483 -0.83811766 0.09208546 0.24918577 -0.04981065 -0.29831252 
-0.62815385 -0.81192452 0.33013956 0.44821463 0.92963975 0.22471423 0.34826441 -0.98698567 -0.59348202 0.20852414 
-0.61989520 -0.99140680 -0.34452246 -0.75748724 -0.71122422 -0.66600118 -0.33166503 -0.46074036 -0.89802747 -0.99254574 
-0.78865312 -0.37571854 0.12980312 -0.56037821 -0.20016338 0.67879775 -0.92059297 0.13564006 0.72029890 0.45387913 
0.67954270 0.29298042 0.54406911 -0.61646075 -0.10417213 -0.40228581 -0.57304802 0.37705291 0.47363752 0.50321961 
0.56932662 -0.44434384 0.49288739 0.32104045 -0.60807139 0.56223217 -0.35792169 0.58152301 0.08546647 0.84408621 
-0.54506405 0.22096261 0.32597037 -0.19480868 0.28896889 0.67604735 0.13333733 0.39028014 -0.49547696 0.92503416 
-0.03187094 0.72883193 -0.54792086 0.81033277 -0.09017473 0.73088264 -0.02655329 0.08475069 -0.52704910 -0.22205427 
-0.90439622 -0.54366700 0.63943678 0.26565747 0.56847478 0.60455222 -0.31034809 -0.62926421 0.32894077 -0.32895392 
-0.41001753 0.85682723 0.46805716 -0.01661397 0.59882902 0.27383119 0.93108282 -0.88713589 0.75631228 -0.62399065 
0.31136513 -0.80192563 0.12635546 -0.77469514 -0.00882649 -0.21884996 0.34869019 0.85563061 -0.52907544 -0.91965612 
0.67840843 -0.15547978 0.61626711 -0.41953279 -0.36441251 0.04923193 0.20044135 0.99268945 -0.59530212 -0.59324862 
0.57781970 -0.34158768 0.22738009 0.38889929 -0.83823187 -0.34475226 0.54971988 0.59153715 0.61455506 -0.12853720 
0.46472969 -0.49445027 0.29171218 0.28569808 -0.22927679 0.75033240 0.43297069 -0.58942756 0.88549921 -0.90967068 
-0.21819004 -0.87269131 0.58073302 0.80580387 0.92007155 -0.47082399 0.77077906 -0.14252440 0.94502754 -0.49337931 
-0.77581166 0.42799178 -0.94470398 -0.48557140 -0.74543414 0.45966539 0.87237199 0.32376551 -0.90045746 0.93083523 
-0.24613572 0.18053159 0.74801543 -0.82577594 -0.62194808 -0.25211282 0.58984598 0.18705165 -0.05491153 -0.92673623 
-0.90219828 -0.92464218 -0.25550152 0.06874608 -0.85092019 0.02981805 0.89477524 0.17925159 -0.83732902 0.78088085 
-0.53217398 0.41372883 0.85160641 -0.23120532 -0.55402463 0.03633474 -0.28962946 -0.95036849 -0.57542324 -0.26275870 
-0.69872188 0.34384214 0.99982100 -0.10145085 0.66081108 0.28343545 0.83871464 0.50681437 0.58802396 -0.71074166 
-0.03817854 -0.17691975 -0.09220752 0.24131799 -0.60884821 -0.42616290 0.56860494 -0.78873875 0.14437582 0.03765856 
0.37887354 -0.43604577 -0.48719438 0.05904515 0.71969564 0.67008092 -0.15381015 -0.75389469 0.28656233 -0.20391823 
0.32760336 -0.31774030 -0.65494846 -0.24904491 -0.19716559 0.66565153 0.21121329 0.34272289 0.08948629 0.54102834 
-0.16281893 -0.27612804 0.16950862 0.32151627 0.56658092 0.45681895 -0.48133977 -0.25738000 0.01611102 -0.48516004 
-0.86984828 0.66973887 0.62203494 -0.30122463 -0.72125941 0.95900714 0.04057722 0.16517079 0.01385330 -0.12322225 
0.31696036 0.33430960 -0.91354952 0.69030986 0.12703773 0.46410657 -0.16480537 0.74554648 0.14834980 0.15455198 
-0.75737156 0.86346311 -0.95948838 0.21398083 -0.40381538 0.13524906 -0.50753412 -0.55052156 -0.88488328 0.19372544 
0.64778832 -0.57759914 -0.04929498 0.00048181 0.28632770 0.71383419 0.41895629 -0.07782645 0.13579293 0.61825126 
0.26862480 -0.56953560 0.17238276 0.57914535 0.04852899 0.94870369 -0.02179706 0.86523810 0.72006155 0.43866406 
0.28900546 0.22284376 0.68929344 -0.24584888 -0.46164745 -0.87013968 0.94661744 0.25692382 -0.84616100 -0.77222565 
0.25830146 -0.75579960 0.92733083 0.09591681 -0.56415962 0.22919508 0.50585918 0.24640094 -0.59691713 -0.52750236 
0.98832253 0.85616305 -0.23899247 0.88375722 0.25505073 -0.42105607 -0.88124814 -0.65447342 0.87203526 -0.61280033 
-0.53589153 -0.24779257 0.26205615 0.32215052 -0.61818532 0.22018119 0.23171129 0.42479740 0.64280908 0.79936359 
0.57297483 -0.67732771 -0.72274600 0.58525680 -0.24133691 0.53261632 0.48851324 -0.88918334 -0.18340770 0.44208688 
0.81362445 0.51171798 0.54437910 -0.10422514 0.38305097 -0.53137092 0.42290543 -0.07652650 -0.28496661 0.60654709 
0.04250048 -0.54876070 0.96951440 0.78169029 0.58092604 -0.86603655 0.08542115 -0.39663526 -0.24853185 -0.18319529 
0.63612990 0.21494410 0.72194978 -0.83678472 -0.84833820 -0.27819761 0.51056890 -0.02256225 -0.97508712 0.19784653 
-0.94718413 -0.41260033 -0.05461059 0.17268530 0.49560656 -0.98638776 -0.05833768 0.64709564 0.81468150 -0.71057683 
0.98918017 0.63181313 -0.85066285 -0.53687295 0.54347733 0.25844059 0.49303510 0.38455041 -0.34975071 0.75150693 
-0.63175841 0.67636858 0.57783545 0.77003908 0.29898128 0.35605291 -0.27378756 0.12752166 0.17285632 -0.94975874 
-0.00050584 -0.22180571 -0.18785891 -0.53063953 -0.14442103 0.77276937 0.51684002 0.07463564 -0.34554410 0.14675026 
-0.13872781 -0.39158583 0.24582586 -0.03081753 0.75890929 0.67513711 -0.06917744 -0.12867650 0.58219883 0.31051565 
0.53508205 -0.36680867 0.87983240 -0.76428160 0.64771943 -0.22104567 -0.54450098 -0.65811057 0.17253299 0.41021901 
0.46975084 -0.64420481 0.79409338 -0.15889289 -0.77800738 0.02779114 0.24968123 0.30481027 0.58212196 -0.03794812 
-0.78784542 -0.74595088 0.10808219 0.72061806 -0.36736290 -0.83282085 0.03469486 -0.97473795 -0.07216648 -0.24815759 
-0.74141456 -0.11326836 0.37987130 -0.52631073 0.57384033 0.60404263 0.45223119 0.32061168 0.05287127 -0.19079624 
0.32940600 0.42782046 0.49402897 -0.63079622 0.17005775 -0.49251148 0.16465735 0.43774919 -0.62140103 0.89742138 
0.58207081 0.82739071 0.74957576 -0.42626127 -0.72395032 -0.13584978 0.22089999 -0.71011436 0.02133927 -0.73237798 
0.34535434 -0.22358914 -0.69597651 0.55825410 -0.55368058 0.19343449 -0.71370521 -0.39996910 -0.50627663 -0.01331560 
-0.76933132 -0.97097032 0.14105786 -0.43731299 0.39564215 0.25428421 0.26608895 0.13338785 0.40664177 0.88114544 
0.69169568 0.70837406 -0.67686489 0.72691233 0.83929954 -0.31752519 0.68851734 -0.92315095 -0.42214128 0.12191224 
-0.47739649 -0.78749466 -0.65877005 0.16291145 0.69290826 0.27349104 0.58990873 -0.04788564 -0.55573312 0.29778599 
0.42148520 0.89211044 -0.86065280 -0.23101359 0.98076166 -0.56364661 -0.78696355 0.72773601 0.44994678 0.18020816 
-0.96964402 0.73947262 -0.88823265 0.09573725 0.97649950 -0.96985460 -0.43196189 -0.57871832 -0.75381280 0.12838651 
-0.94877322 -0.70053451 -0.91836139 0.03706767 0.27873061 0.38742356 0.63479917 -0.69641127 -0.72766948 0.87832392 
-0.02737377 0.60917797 0.46287873 0.62524669 0.03087481 -0.49665786 0.35801878 0.87311658 0.59969511 0.47130037 
-0.40225977 -0.69272773 -0.50383339 0.97991361 0.22200082 -0.62660098 -0.04670526 -0.80402611 -0.36885372 0.54576490 
-0.67586305 0.60725770 0.80535225 -0.27255738 -0.11081681 -0.61836319 -0.34418777 -0.65852191 0.34056038 -0.43548847 
-0.09734592 0.29218871 -0.20543943 0.20136305 -0.93684332 0.01839546 -0.69293390 -0.61344463 0.45022817 -0.51545888 
0.92090739 0.52343163 0.41743823 0.13104992 0.35231409 -0.59974956 0.83771819 -0.99791084 -0.92034777 -0.22285906 
0.97402846 0.96059064 -0.65869324 0.59672300 0.63007431 0.36172315 -0.73108038 0.68682646 0.01960020 0.18808216 
0.14049501 0.17790852 0.12212295 0.89774988 0.78284712 -0.15537473 0.76949824 0.11134283 0.95031799 -0.81782057 
0.95967974 0.86233865 -0.64860313 0.57264909 0.86918346 -0.70383902 0.19851885 -0.44066066 0.77945804 -0.01491562 
0.98013007 -0.34961592 0.10954696 0.75185581 0.32618038 -0.96461195 -0.29197943 -0.62179495 0.01007001 0.92913417 
-0.03005109 -0.23080815 -0.07032028 -0.65212489 0.61117086 0.14649268 -0.29907198 -0.68409463 -0.63835694 -0.94165316 
0.60850596 -0.39650666 0.89175200 0.83231531 -0.79448569 -0.46542866 -0.85426320 -0.90788098 -0.65830289 -0.28490375 
-0.58434136 0.90965364 0.73552761 -0.11403370 0.45644905 0.04915722 -0.77713617 0.65196192 -0.62392050 -0.96495789 
0.08383770 -0.68082025 0.79792698 0.08612257 -0.97810908 -0.02964464 -0.84920183 0.24776420 -0.43800432 -0.34173843 
-0.77910397 -0.77450533 -0.28051254 -0.98702956 -0.68089468 0.99720065 0.77284676 0.48123996 0.95782408 0.03117686 
-0.75692887 0.68430755 -0.32807879 -0.27942089 -0.07561372 -0.18083730 -0.47396427 0.26067982 0.40979310 -0.17987747 
0.96633184 0.95997757 -0.72070878 0.56866788 0.23880061 -0.67484621 0.37644786 0.98633238 0.75666269 -0.68786885 
-0.46454705 0.49556363 0.16455358 0.90857211 -0.36865972 -0.91438696 -0.05782985 0.76505302 -0.10898122 0.68660888 
0.92665118 0.23959108 0.33182241 0.37527336 0.08199376 -0.58916117 0.22115224 -0.23396346 -0.69270194 0.77027412 
0.34932294 -0.87229104 -0.12219167 -0.57065020 0.34748000 0.77059747 0.90617549 -0.83632243 0.75227048 -0.02467895 
-0.02761397 -0.47561189 0.71157421 0.26978899 -0.21344552 -0.59400182 -0.43340117 -0.33708974 0.99421642 -0.30510127 
-0.27741655 -0.96111750 -0.52518552 0.29695201 -0.20422233 0.76653726 -0.37009394 0.87415875 0.99628997 -0.42191479 
-0.06886613 -0.57433418 0.07879299 -0.18262564 0.43423526 -0.54188647 -0.51199588 -0.85932771 -0.59381638 -0.42391415 
-0.06798221 0.18162684 -0.56177432 0.89967728 -0.94323080 0.78701872 -0.17359056 -0.98768930 0.33324695 0.06015409 
-0.26837851 -0.93874097 0.90698546 0.06030350 0.09597728 -0.27504217 0.61122065 0.89470850 -0.13280284 -0.26983447 
0.26432385 0.32857334 -0.79887056 -0.69769481 -0.90183278 0.00699422 0.26041519 -0.97789599 -0.58220900 0.41287952 
0.54252567 -0.73955339 0.44096389 -0.07993433 0.83566598 0.28161959 0.71878055 -0.27271323 -0.06718879 0.87898765 
-0.49730082 0.31531836 -0.30827975 -0.75276971 -0.99206200 -0.07008622 0.94509819 -0.92393012 0.87974783 0.49047213 
-0.84952758 0.78416375 -0.09394770 -0.19522775 0.44929443 0.15243422 -0.17892760 -0.55560275 0.85090544 0.67739642 
-0.16754124 0.62034415 -0.97900849 0.19455715 -0.30006526 0.14865869 -0.75870693 -0.71930575 -0.25492647 0.47005683 
0.44374877 -0.64066413 -0.81459757 0.30521364 -0.37505137 -0.15301304 -0.92687387 -0.96925818 -0.44714777 -0.19001289 
0.84632057 0.58639413 0.96406574 -0.95108220 -0.06044752 0.29805742 0.50016707 -0.17794733 0.74831158 -0.07784850 
-0.40014084 0.77880714 0.71829616 -0.97317167 0.30559841 0.24173638 0.32526909 -0.42705284 -0.38664253 -0.92891644 
-0.65642562 -0.03389694 0.84229178 -0.27209715 -0.38959739 -0.40012520 0.00546224 0.10941141 0.90417869 0.90184231 
0.50464746 0.94750941 -0.68035977 0.62409606 -0.18504434 0.12078006 0.22273878 -0.31977799 0.07810035 -0.57524693 
-0.29612160 -0.65790724 -0.55415361 -0.37835924 0.74319792 0.11818478 0.85364973 0.31591460 -0.59509181 0.08245492 
0.68394803 -0.50673696 -0.77124596 0.67551323 -0.40607615 -0.48704820 -0.28603282 -0.91817246 0.33631175 -0.00428584 
-0.45567928 0.80656559 -0.69618773 -0.59904341 0.18366172 -0.29121449 -0.97481958 -0.07984731 -0.82174560 -0.77634562 
-0.14945002 0.24496047 -0.64601820 -0.61863979 -0.27757878 -0.12389673 0.29416734 -0.06171796 -0.71430711 0.78802799 
0.15868687 -0.01425536 -0.41270205 0.95544569 0.51279077 0.01303322 -0.45539342 0.20252462 -0.57049615 -0.56112517 
-0.70568032 0.87498569 0.70105384 -0.01642244 0.29014284 -0.73069333 0.07322459 0.89106867 0.87973903 -0.87946329 
-0.10925291 0.72284801 -0.73525962 -0.62810081 -0.78220946 -0.35045363 0.17133313 -0.38327598 0.69941073 -0.37439599 
-0.69060682 0.21939052 0.89051202 -0.74700166 0.10210699 0.92337968 -0.73979091 0.67750019 0.60299180 -0.34228320 
-0.17736840 0.86914568 -0.79150003 0.50949215 -0.26914439 0.92292165 -0.96656943 -0.81136323 -0.15054603 -0.25939860 
-0.88833054 0.46879835 0.02220292 -0.09050879 -0.44334347 0.77690739 0.49000698 -0.74089749 -0.62279308 0.50123942 
-0.71623955 -0.97053576 -0.57708963 0.11371882 0.15528728 0.72882191 0.92724654 -0.54122260 0.13510221 -0.78616531 
0.07914589 -0.39784908 0.82654073 0.97110778 -0.28150316 -0.38324784 -0.44869556 0.50309336 -0.20246971 0.07588995 
-0.34612535 0.66819142 -0.87515701 0.91255682 -0.92360111 -0.65608248 0.63458218 0.26433550 -0.67531181 0.19703856 
-0.88715961 0.68948625 0.64719774 -0.01564235 0.93398804 0.34695006 -0.33964743 0.09256378 0.69290330 -0.11484021 
0.55095766 -0.94620112 0.68637021 0.80777657 -0.99614300 0.37877469 -0.70396067 0.62208596 -0.93497949 -0.25290545 
-0.78760403 0.54569336 -0.87620087 -0.32091729 0.19343268 -0.22562796 0.28622448 -0.01354463 0.45888247 0.53355090 
-0.75145209 0.29945783 -0.70841126 -0.24027654 -0.49364284 -0.71241721 0.91964522 0.39666864 -0.10456875 0.68544686 
0.58299858 -0.93145531 -0.11254218 -0.13306951 -0.88868239 -0.52714333 -0.45304459 0.87041413 -0.60470456 0.24140362 
-0.66383439 0.56280595 0.72592675 -0.99519081 -0.02226575 -0.77727704 -0.90536370 0.82209792 -0.36904019 0.97581842 
-0.18012464 -0.86220056 0.61212000 0.92093730 -0.96694289 0.07283430 -0.88938302 0.24129202 0.52816773 0.30760811 
0.56241508 0.64826049 0.76253603 -0.40226455 -0.00204794 0.35773930 0.00152524 0.98104403 -0.44859673 -0.34515967 
-0.13958288 -0.16534638 -0.49232477 0.30274696 -0.03167357 0.20836176 0.47766043 0.54578548 -0.59187016 -0.04574753 
-0.58632042 0.04659253 0.54714094 0.04243268 -0.10288364 0.47389293 -0.82479880 -0.31512434 -0.75795964 0.82311072 
0.44348496 0.59621569 -0.77672407 -0.60645097 -0.06714757 0.27068112 -0.92296435 0.39782798 -0.47717818 -0.03242322 
-0.40021472 0.31283433 0.12676929 -0.15470896 0.43677179 0.50884157 0.78347908 -0.70223363 -0.29198178 -0.42645163 
0.31617754 0.28591295 0.32128962 -0.78925300 0.51654490 0.18944512 -0.43755325 0.98924443 -0.58371849 -0.41214601 
0.16313388 0.00396893 0.14994374 -0.17063593 -0.24410376 -0.28137428 0.58762288 -0.08592632 0.17569796 -0.57573258 
-0.49803415 -0.42379921 -0.25755193 0.29743773 -0.23888936 -0.34916731 0.09837972 -0.62984326 -0.96254674 0.05635790 
0.57568726 -0.58194039 0.23613880 -0.11064157 -0.33972784 0.51415514 0.58305197 0.30739275 0.27672338 -0.26597982 
-0.81437706 0.99332671 -0.43014027 -0.37870246 0.09143162 0.68734120 0.33387147 -0.64255599 0.45975974 -0.43427246 
-0.84859625 -0.70505674 -0.13018560 -0.43527937 0.50412848 0.68408619 0.60551134 -0.44773005 0.10774063 0.84349568 
0.32513284 0.62596393 -0.54177036 0.74393356 -0.33148066 0.63244624 0.89759667 0.03414575 -0.24649015 -0.02252442 
-0.02801811 -0.76909410 0.21631729 0.79253944 0.56863676 0.95276579 -0.38824894 0.27835347 0.52920631 0.40679821 
-0.46595571 0.39798117 -0.98888824 -0.97697604 -0.51250343 0.41221766 0.22949336 -0.15124088 0.70802709 -0.13617048 
-0.37658470 0.93922241 -0.87532025 -0.53774253 0.64603828 0.99717164 0.35934447 0.01832820 -0.79219121 -0.29891402 
-0.20875334 0.16699750 0.98540074 -0.70462058 0.30203291 -0.38010918 0.69773197 -0.47799666 0.99823080 -0.61398678 
0.32963471 0.07426179 0.40447531 -0.99988097 0.32462800 0.22493900 0.80657565 0.19912004 -0.16735860 0.52529615 
-0.19124038 0.51804124 -0.83011605 -0.33482785 -0.26372664 0.56697635 -0.89326825 0.61643871 -0.53751545 -0.55726875 
0.75079902 0.85310720 0.17797627 -0.30719981 -0.35355411 -0.08873894 0.64926822 -0.24180256 0.38110458 -0.75944612 
0.68096996 0.28426860 -0.18553693 0.31758252 -0.63266528 -0.00841389 -0.46203268 0.46585167 0.61316019 -0.53873533 
-0.25582890 -0.40912647 -0.92766466 0.48587859 -0.83009703 0.01698264 0.55418713 0.00790274 -0.34869799 -0.61545775 
0.55899598 -0.42556264 -0.48158535 -0.96966345 0.80910245 0.72404415 -0.92173141 0.82347578 -0.97168047 -0.03221588 
0.86956272 0.47680663 0.26136752 -0.40960119 -0.26036454 -0.64969532 0.46071079 -0.07765882 -0.60706217 0.99135121 
0.02152008 -0.37100518 0.70273853 -0.85512457 -0.80010523 -0.47223214 0.15632688 -0.33254416 -0.89884499 -0.90860209 
0.65893381 -0.18792669 0.71763861 0.22142926 -0.60591763 -0.02858806 -0.75589769 0.09854301 0.13423770 -0.27706145 
0.99008899 -0.18442219 0.42237483 0.00637351 -0.27539327 -0.50230192 -0.51673580 -0.30932930 0.23045917 -0.26245627 
-0.52542005 0.33243348 0.46597548 -0.46329247 0.29555854 0.20688688 -0.63064215 -0.40488024 -0.39640251 0.81640421 
-0.22346910 0.86262770 0.59912440 -0.14859696 0.63990056 -0.19733532 -0.66234549 -0.07480435 -0.93589810 0.77155400 
-0.82791198 0.61177606 -0.58723144 0.76059375 0.64850905 -0.98704427 0.17616669 0.60532510 -0.51113951 -0.68083423 
-0.49015121 -0.46099264 0.36741290 -0.96497191 0.06011530 0.84636958 0.55689847 -0.57146549 0.49269928 0.67602007 
-0.52047378 0.04093483 -0.22140774 -0.64694693 -0.50979053 -0.08864840 0.22881403 -0.74449893 0.99224623 -0.67332730 
-0.87857387 0.14477091 0.21881525 0.25819490 0.42414686 -0.84873305 0.28825103 -0.42858216 -0.63599482 0.86861155 
-0.27332173 0.91437705 0.15491699 0.89961996 0.32607669 0.53565422 0.28763463 0.28027176 0.19325905 -0.49735834 
-0.51981702 -0.94579851 0.21633558 -0.62559495 0.68396737 0.83900835 0.81964001 -0.42863758 -0.52670805 0.78394302 
-0.36766647 -0.94048705 -0.10961677 -0.52381934 -0.28032112 -0.48841537 -0.18122934 0.18125171 -0.71847259 0.52774724 
-0.35103270 -0.89321844 -0.42156348 -0.25469996 -0.78381675 -0.94902624 0.48826630 -0.10692533 0.73442639 -0.79199656 
-0.82311882 -0.09997169 0.77474692 -0.09944140 -0.31399987 0.19770242 -0.82686055 -0.69269143 0.62066201 -0.18172240 
0.06908786 0.86063607 0.70716715 -0.11643280 -0.54122310 0.64734118 0.62394031 -0.17044975 0.98619746 0.52171098 
0.18335369 0.42241593 -0.26583428 0.60981363 0.48005320 -0.32181901 0.74144151 0.35774998 -0.31986494 -0.92011495 
-0.49833253 -0.56423106 -0.34991672 -0.72107767 -0.55481978 -0.53010929 0.27466646 -0.42181179 -0.08715476 -0.41563925 
0.86439585 0.71716282 -0.32476358 0.91840785 0.20946109 0.72135402 -0.16633415 -0.34473382 -0.12826589 -0.94905770 
0.08540190 0.86409620 -0.49253113 -0.37157651 -0.44344740 -0.57589326 0.72697968 -0.01979116 0.97663778 0.59729662 
-0.46793748 -0.18929175 0.92919572 0.93593485 0.58241364 -0.23609419 0.23863174 0.67173033 0.66733485 -0.35139283 
-0.49107646 -0.53908849 0.54681868 -0.20668639 -0.53116973 0.26569958 0.61296349 0.92629698 0.06380734 -0.87736799 
0.10271297 -0.47113498 -0.06464089 0.81941366 -0.76960055 0.23211971 -0.02098554 -0.76049486 -0.62402934 0.06568668 
-0.73798501 0.41801636 0.67279702 0.32632750 -0.87483971 0.32929994 -0.58116552 -0.88488371 0.87689010 -0.26500507 
-0.57681627 0.54562962 0.90265832 -0.39427056 0.66039645 -0.04416694 0.15217680 -0.77962892 0.76434987 0.85898981 
-0.51271373 0.13341794 0.98848470 -0.05303828 -0.84987154 0.39413486 0.62612787 0.23674485 0.60431575 0.81215809 
0.82412535 -0.50583723 0.48642177 0.12891677 -0.51477663 -0.85168223 -0.52285524 0.83668171 0.48500881 -0.22722720 
-0.36871167 0.08862117 -0.67955691 0.72474779 0.44873413 0.45239624 -0.21382362 0.85406014 -0.70695872 0.74582590 
-0.28375306 0.00935672 -0.68530219 -0.79013754 -0.75402839 0.08021502 -0.77516504 -0.73064759 0.36252504 0.45213567 
-0.62028060 -0.78455978 -0.72813078 -0.81103284 0.66420112 -0.56505185 0.08269866 0.89883576 -0.29034112 0.12054253 
0.40201317 0.38072676 -0.17417559 -0.47847425 -0.02346297 -0.84194039 -0.17496336 -0.41989415 0.70172257 -0.08266640 
0.37698136 -0.93322133 0.94317807 -0.82758593 0.69409811 0.00914855 0.71100104 0.22427761 0.16628832 0.68921112 
0.86277677 0.18854214 -0.69127510 0.86264666 -0.18069261 0.86699922 -0.38461608 -0.87696368 0.52593196 -0.50818505 
-0.96042551 0.19495291 0.75795510 -0.81859630 0.94389023 0.92081513 -0.68509877 -0.54470660 -0.85180551 -0.11645415 
-0.75311550 0.43239696 -0.73044703 0.01501655 0.06823539 0.69141458 -0.22579060 0.16194730 -0.24011076 0.07205294 
0.04940517 -0.10558947 0.31051814 -0.98130548 -0.59789139 0.82214385 -0.10577908 -0.65083852 -0.48112082 0.91035094 
-0.29885977 0.22775520 0.63302616 -0.09730138 -0.36866937 -0.46772993 -0.54630207 0.15238875 0.72427150 -0.47063092 
-0.37640266 -0.51349837 -0.77518806 0.03839560 -0.32302070 0.94888101 0.50353038 -0.28939593 -0.23901779 0.12102401 
-0.61087891 0.83521730 -0.06279797 -0.06856075 -0.32769966 0.46992334 -0.28361268 -0.51931462 -0.33975886 -0.09789500 
-0.78764570 -0.96816758 0.70270322 0.86235929 -0.45888392 -0.80899694 0.79064325 0.33437736 0.34606001 -0.80233834 
-0.91663467 -0.05069279 0.58552438 -0.14769641 -0.18169120 -0.27132967 -0.43736956 -0.42435657 -0.85031799 -0.89383378 
-0.38302790 0.11012759 0.83177502 0.60797997 -0.57126684 0.18255398 0.01018563 -0.63008153 0.82765177 0.01035124 
0.19246717 0.60228997 0.56058846 0.23932571 0.32840617 -0.61146125 0.01042499 0.46963242 0.79027321 0.11193826 
0.38202264 -0.66079362 0.44059312 0.17105991 0.38299820 -0.87176726 -0.23874798 -0.58897432 -0.95526811 0.49172133 
-0.25331948 -0.99871909 -0.26403079 0.48699775 -0.02006535 0.88247626 0.69287010 -0.66281169 0.50538531 0.16240829 
-0.03663092 -0.32188053 -0.48844933 -0.20572945 0.89929713 -0.61645472 0.67836013 -0.42458042 0.99078064 -0.35139884 
0.51557109 -0.34184387 -0.26876235 0.59346781 -0.29992028 -0.07861033 0.61850191 -0.45325153 0.72033960 0.57166636 
-0.50860543 -0.74901092 -0.16429120 0.68948694 -0.27919001 -0.99671778 0.09425168 -0.37985040 0.20400942 0.92439782 
-0.84825507 0.20491374 -0.19750656 -0.78562102 -0.44798210 0.04429524 0.33935128 0.42705793 -0.65641456 0.18594362 
0.91918882 -0.56283933 -0.38169181 -0.69483952 -0.47335346 -0.56403930 -0.35282196 0.10095126 0.11476497 0.39202350 
-0.10862711 0.26798916 -0.50759840 0.64375947 -0.84015812 -0.38803960 0.89307874 -0.21475673 -0.78374757 -0.32214842 
-0.11116332 0.26813498 0.74811610 -0.26777009 -0.00939347 0.15441777 0.78644020 0.30613123 -0.00201576 -0.48179014 
0.76542182 0.67140843 0.77836741 -0.65596796 0.22982707 -0.91994964 -0.59549362 -0.37671747 0.48591392 -0.04691866 
-0.05352919 0.67214807 -0.14470184 0.62662684 0.52701012 -0.23387079 0.89295184 -0.08676355 -0.93064552 0.65162950 
0.39606764 0.12579897 0.18951688 -0.24099049 0.55208416 -0.43460130 0.22845205 -0.83271279 0.66087114 -0.70042349 
-0.14227119 0.12206375 -0.83059509 -0.50177926 0.58625412 0.94213029 0.49705857 -0.54018530 -0.56552565 0.55925165 
-0.75375010 0.56809395 0.00461510 0.24930635 0.15811299 -0.70958657 -0.49917294 -0.23026741 -0.78964845 0.97093749 
-0.51004726 0.06455024 0.78615468 0.14744319 0.61492056 0.19938310 0.72756641 -0.10971163 -0.33066091 -0.44252951 
0.17181288 0.11219974 0.11006306 0.27288887 0.99452996 0.34629130 0.27606555 -0.84782387 0.12188133 0.70193072 
0.67930815 0.23290593 0.26254071 -0.76137906 0.43428233 0.67840675 -0.58236732 -0.92891419 0.67729837 -0.47410915 
-0.35467058 -0.79150819 -0.31181252 0.76365572 -0.37257883 0.89602684 -0.23308457 -0.22989936 -0.85138712 -0.18976936 
-0.67770450 -0.60183725 0.73799138 -0.54595361 0.99908746 0.91035247 -0.20265933 0.75640389 0.03336786 -0.98829738 
-0.23330175 0.88766321 0.72457742 0.12150485 -0.51637518 0.63512329 -0.46821461 -0.94196149 -0.06968170 -0.42376138 
-0.52184580 0.79067013 0.77159767 -0.47706165 -0.49106860 -0.72667373 -0.96488160 0.35553583 -0.65157934 0.57501506 
0.25435249 -0.20068828 -0.55324056 0.14231415 -0.37929237 0.11048131 0.13210990 0.06170666 0.58929593 0.25776266 
-0.83481387 0.40795146 -0.55739737 -0.00316824 -0.80789805 -0.10004806 0.45010025 0.75018712 -0.44222180 0.19087690 
-0.20032528 0.39287542 -0.10443848 -0.23025153 0.54699727 0.94787357 -0.20192848 -0.48434423 -0.96767478 0.61441619 
-0.10534520 0.43013719 0.13975274 0.29533416 -0.34969740 -0.71337601 -0.49545977 -0.02715140 -0.69492538 -0.73593807 
-0.10796673 0.67051318 -0.71735769 0.84124291 -0.21181601 -0.41698123 0.27197371 0.45283163 0.72751993 -0.33141682 
0.34669330 -0.32401592 -0.38185241 0.12504620 0.51754523 -0.04015701 0.53701267 0.87519783 -0.13061896 -0.66205323 
0.40647827 0.55972181 -0.80712393 -0.03108756 0.63992986 -0.73776611 0.90344129 -0.67091334 0.82558899 0.82513159 
-0.36185965 0.56101408 0.42288494 0.62153001 -0.87514793 0.49204370 0.97308066 -0.00781819 0.28231668 0.54247644 
-0.09936188 -0.56060674 -0.00234004 0.32061949 -0.70894812 0.66348943 0.86571713 -0.06641770 0.87698152 -0.63686824 
-0.35126053 0.60575690 -0.64094164 0.97926229 -0.13833582 0.27366408 -0.04716565 -0.88687924 0.91601935 0.81451955 
0.90925722 0.26271277 0.43531906 -0.43644998 0.47610352 -0.68967021 0.44595723 -0.25194072 0.86135402 0.88241101 
-0.73098221 0.23639088 0.40011010 0.43556286 -0.85013243 -0.94662119 0.93045432 -0.35800033 0.40088095 0.46681001 
-0.62238609 -0.72871602 -0.57379530 0.81821053 -0.39008840 -0.76254828 -0.93773919 0.34378576 -0.34096362 -0.14871722 
-0.43148247 0.46423636 -0.45802490 0.03253917 0.04019991 0.06443316 -0.23062822 -0.83829337 0.40681021 0.10439515 
