0.31932509 0.07488645 -0.45731002 0.91411645 -0.24023181 0.42137438 -0.99526398 -0.80637903 
-0.29618880 0.43851158 -0.17615836 -0.60029172 -0.19271902 -0.46828602 -0.47253060 0.41004323 
-0.21754236 -0.15969152 0.63783713 -0.36563291 -0.72043903 -0.74229707 0.30220674 0.52989835 
0.42420207 -0.76028410 0.77314887 0.34266123 0.84938187 -0.97919520 0.08448859 0.46782896 
0.65319634 0.56708799 0.73126048 0.51051978 0.28310995 0.40582638 0.53798184 0.41709511 
-0.56445321 -0.26312163 0.44741734 -0.59569187 1.02087789 0.47192398 -0.55051199 -0.94656218 
0.50111041 -0.11449220 -0.79319997 0.09210399 -0.64903060 0.21185394 0.43572395 0.03700609 
0.57159595 -0.87323865 0.40634678 -0.94904030 -0.92844928 0.06849586 0.56600993 0.54011904 
-0.09024595 -0.50844037 0.77929268 -0.94652273 0.96326640 -0.23511580 0.25650168 -0.61216366 
0.20821051 0.31219163 -0.86712267 0.74676557 -0.77143925 -0.66994148 0.63048437 0.68851825 
-0.06925039 0.11979900 0.74765564 -0.17392754 0.49410985 -0.56406533 0.41922736 -0.14367782 
-0.46666083 -0.51888939 1.00488887 -0.62565590 -0.30424023 0.65793064 0.65717856 0.32121764 
0.82967472 -0.70747526 -0.16570058 0.90506502 0.42613217 0.43571806 0.47315874 -0.82788703 
-0.45770845 0.45052935 -0.40785853 0.09798921 0.87390556 -0.51920556 0.77789579 -0.58823704 
0.63554817 0.09751917 -0.38551014 -0.76601091 0.50908857 0.33628984 -0.08542145 0.65079321 
-0.82552027 -0.59238827 -0.08129031 0.81229798 -0.50026316 0.62812144 -0.65815316 -0.57904303 
-0.74940271 0.59638278 -0.26979350 -0.60899615 0.76615374 0.77784141 0.49982930 0.14302172 
-0.31493668 0.03336013 -0.48775304 -0.05690270 -1.05326470 -0.57143625 0.49781667 -1.08036050 
0.25685287 0.07756377 -0.56042118 -0.99801707 0.81136757 0.71610427 0.02378040 0.37622804 
0.04646330 -0.44597074 -0.06843453 0.72402828 -0.85628175 -0.77991291 -0.72374473 -0.84614139 
-0.06341858 0.57777909 0.25359771 0.56549690 -0.57052612 0.75210523 0.05977292 -0.81117113 
-1.14493392 -0.62901456 0.50490090 -1.23488843 -0.61375897 0.84808626 0.27994578 -0.08242762 
-0.30190152 -0.25570948 -0.24089455 0.70006563 -0.19096092 -0.10190567 -0.07196110 -0.97234014 
0.15257804 0.74427430 -0.07584155 -0.93078339 0.74806016 -0.08494300 -0.64063739 0.03786756 
0.80267933 -0.45460778 0.15070835 1.01120226 0.07455492 0.52759350 0.50720116 -0.82623610 
1.10097991 0.32466098 0.22161974 0.33807118 0.81326339 0.24265369 0.11926475 0.64985024 
0.55722475 0.74539970 0.64116368 -0.22528863 0.53088906 -0.34722558 -0.50743403 -0.04593892 
0.92865920 0.74908571 -0.72901261 0.70692866 -0.63323940 0.63053339 -0.71454381 -0.85762662 
0.29320626 0.44886195 0.25842903 -0.97522617 0.73659448 -0.67274954 0.24650313 -0.74466754 
-0.57199632 -1.16261026 0.71619766 -0.28208094 -0.75518507 0.87528393 -0.05966007 -0.57764562 
-0.99569476 -1.12612423 0.65913808 0.53403849 -0.53646468 0.78252731 0.52953683 0.07355860 
0.52452139 0.30545112 -1.00151100 0.83766329 -0.13366549 -1.12088077 -0.96285713 0.37659410 
-1.08804211 -0.55645144 -0.80794952 -0.46275269 0.56295574 -0.96310427 -0.60945279 -0.26474715 
-0.16008217 0.07427800 -0.30143724 -0.57574886 -0.56448253 -0.08393993 0.61017701 -1.01882112 
0.26999295 -0.73568688 0.23706705 -0.09307198 0.72532690 -0.87455175 0.65883080 -0.77637391 
-0.18247158 0.54222687 0.65751641 -0.37738518 0.28020230 0.13475625 -0.45898959 0.35063287 
-1.00788275 -0.17698174 0.78221263 -0.72047293 -0.47972147 -0.18653957 0.86662392 0.80415577 
0.95447083 -0.78242927 -0.34218700 0.44380642 0.65121980 0.47995682 -0.09079393 0.49093897 
-0.61213002 -0.34693231 -0.42493315 -0.27835742 -0.45166872 0.65216043 -0.71904795 -0.65058818 
0.23238928 0.26249151 0.03351394 0.33290087 0.20847716 0.04559227 0.50208361 -0.57611056 
-0.79673461 1.01127653 -0.94723896 -0.66818549 -0.54485758 -1.05908321 -0.38055814 -0.78204948 
0.90103307 0.68004239 -0.55833498 0.51946253 -0.06080127 -0.23433350 0.21656149 -0.71336767 
-0.52321211 -0.30797712 -0.73031928 0.08857854 0.36259012 -0.23793789 0.62887263 0.62049736 
0.41757713 0.61341763 -0.08408835 -1.03087598 -0.97646775 -0.09326032 -1.00161129 0.58150728 
0.57343850 0.30436410 -0.58803005 -0.04831502 -0.68356013 -0.56704106 0.47816765 -0.28517424 
-0.15310238 0.22755750 -0.67191553 0.37996320 -0.19301705 -0.72086198 -0.76944333 0.68013684 
-0.01774918 -0.07624192 -0.05806708 0.35956573 0.65551032 -0.23180546 -0.77198960 -0.26006413 
1.00878145 -0.71645798 -0.80194283 0.39655813 -0.25883665 0.06085195 0.38129029 -1.00490862 
0.54209495 -0.35083867 -0.97308493 -0.70665047 0.49014756 1.00666068 -0.92063856 -0.55371800 
-0.49907535 0.19476361 -0.11225057 1.13396306 -0.45650817 -0.86429460 -0.70337266 -0.93934330 
-0.63781208 -1.02549235 0.61163537 0.07261617 -0.75985912 -1.00733166 -0.65573403 -0.17342383 
-0.27703898 0.66641396 0.50136271 -0.10622383 -0.47188517 -0.25806814 0.84827663 0.74628867 
0.62216149 -0.30827243 -0.96782556 0.10423798 -1.03214563 -0.26180196 -0.72784434 -0.83458383 
0.01715624 0.50495244 0.36236691 0.94210194 -0.51579399 -0.08511689 0.36455536 0.64047522 
-0.95612658 0.28403901 -0.66703993 0.64514272 -0.03949002 -1.18283708 -0.42661008 -0.58354494 
-0.25031567 0.99602764 -0.72536568 -0.18142779 -0.42603888 -0.10522407 -1.20052710 -0.94512333 
0.30217967 0.05909728 -0.59647032 0.09752158 -0.61103590 -0.30062429 -0.53750959 0.02598596 
1.11598290 -0.00235246 -0.76086267 0.11839672 -0.35520153 -0.42731737 0.67542321 -0.46276357 
0.74432147 0.01404160 0.78131986 0.73561668 0.65197018 -0.20245194 -0.80747888 0.94760121 
0.48654498 -0.09628487 0.58447385 -0.39859732 -0.70815602 -0.44098830 -0.02585790 0.07191857 
-0.04499660 0.27010850 -0.17428609 -0.82888739 0.80677731 0.65452973 0.41305997 0.62176726 
-0.22331874 0.50061612 0.56159596 0.73710744 -1.01364407 -0.83305450 0.20881523 -1.02808448 
0.29869569 0.34210285 -0.20829452 0.90477960 -0.88922538 0.88547539 -0.41097063 -0.41153524 
-0.00010928 -0.51717407 -0.26457660 0.71213798 0.15185041 0.33450086 -0.40648177 0.70635460 
-0.14713684 0.22229460 -0.00883930 -0.94256580 -0.68299578 0.18206891 -0.73632907 -0.30442774 
-0.24931741 0.91260981 1.06126496 0.03870276 0.75981274 0.00501255 0.81787396 0.64200792 
-0.68946818 -0.09234442 0.22990793 0.53913900 -0.26772115 0.63152519 -0.67264560 -1.02691742 
-0.32658013 0.17767039 -0.05893027 0.74621601 -0.64345446 -0.17888716 -0.83764820 0.96342723 
0.72767995 0.44750788 0.47463733 0.83662807 0.70411377 -0.39901108 -0.88564438 -0.24261769 
-0.95921371 0.93159786 -0.16394229 0.61104321 0.81437369 -0.42980915 -0.63029303 0.40073627 
0.12934258 0.80855984 0.29805944 -0.84487715 0.50390822 0.41776101 0.95830765 -0.73571029 
0.86933998 0.95632531 -0.46858948 1.00373121 0.60547937 -0.39440704 -0.38770992 -0.21357270 
-0.91624923 0.20193946 -0.81319010 -0.13059141 0.14603015 0.44138582 0.26849045 0.36894219 
0.91215641 -0.94101848 -0.29276003 0.35691964 0.40151442 0.56466108 -0.56548479 -0.29192504 
0.82761972 0.28209559 0.58389936 -0.61886970 -0.06396559 -0.05758576 0.26913196 -0.27688073 
-0.00578909 0.50378936 0.37942437 -0.08323432 0.37295981 -0.12405849 -0.84680911 -0.38710757 
-0.05580027 -1.11318523 -0.41129710 -0.89274837 -0.51410607 -1.04178311 -1.06366982 -0.39560047 
-0.48237682 -0.61179958 -0.90385066 0.36786993 -0.00960710 0.51652691 0.58259205 0.27557187 
0.16859661 -0.70958870 -0.01261241 -0.55342314 0.96065645 -0.72150720 -0.01684353 0.87139560 
-0.38497115 0.60355702 -0.09074127 0.08286817 0.89647724 -0.18491783 0.12323271 -0.68939855 
0.16775631 0.58376864 0.11412498 0.77335851 0.07677304 -1.04076660 -0.05852544 0.07433419 
-1.02738926 -0.45737116 -0.29170439 0.39093020 -0.32883169 0.34706784 -0.62998807 0.03780815 
0.28173336 -0.50144529 -0.41594476 0.22613856 0.25783100 -0.19747955 0.33928424 0.53658927 
0.92414002 -0.29305516 0.46096650 1.04439514 -0.44791736 -0.11854719 -1.02964294 -1.00692608 
-0.60799798 0.04442540 -0.47722483 -0.10194452 0.29809919 -0.47796467 -0.15685425 0.56369832 
1.03142977 0.54197212 0.31409809 -0.65333656 0.64077888 -0.28581904 -0.58621472 0.90944917 
0.42505948 -0.52354705 0.09501075 1.04349681 0.63650538 -0.14229762 0.87077383 0.77143547 
0.40317378 -0.59416040 0.25467367 -0.37584295 0.02021337 -0.41167043 -0.89390109 -0.17712542 
0.32283230 -0.02393901 0.71970609 0.64788430 0.14687007 0.56328516 0.20634754 0.18321508 
0.60318660 0.55812697 0.61152135 0.53214112 -0.29255905 0.63177696 0.57829852 -1.06116472 
-0.57254580 0.47826356 -0.72253236 -0.71156539 -0.33389088 0.45173951 -0.22029628 0.88822566 
-0.07383137 0.35608449 -1.16887877 -0.01365611 -0.12344613 0.10600057 -0.85524681 -0.32653026 
0.26246788 0.75750048 -0.58609528 0.59597523 -0.51220486 0.83912656 -0.33436803 -0.38203713 
-0.50148335 0.64074663 -0.77147996 0.63503060 0.01319484 -0.02454014 0.92706637 -0.72504799 
0.70545886 -0.74579759 0.32875895 -0.55752012 -0.36762829 -1.02388917 0.70845077 -0.10573653 
-0.90872188 -0.94109649 -0.70908750 -0.09905983 0.27063723 -0.28951062 -0.95592632 -0.41052560 
0.55123033 -0.80434703 -0.20298348 -0.35138383 0.25726135 -0.79507005 -1.12166608 0.52536696 
0.71052752 -0.08172686 -0.05554573 0.17726073 0.35458022 0.06539137 -0.98025742 -0.74740820 
0.25597081 -0.88804169 0.79853691 0.44391782 0.33582350 -0.00374243 0.09901954 -0.62007021 
0.23302398 0.89174756 -0.36348354 0.05975592 0.15690429 -0.36820783 0.66900017 0.26142637 
-0.30722936 -0.45049945 0.14693670 0.96754041 0.68126463 0.76285456 0.16924839 1.05312353 
0.24435233 0.41560815 0.53378821 -0.54441278 0.22006919 0.27982071 0.24172789 0.48524150 
-0.79024527 -0.41041092 -0.70903596 0.23888979 0.13068298 -0.19483895 -0.45355552 0.08329706 
-0.77192400 -0.46197291 -0.28343262 -0.44083499 0.06978285 0.37996386 -0.38622145 0.23463728 
1.08512870 -0.05905466 -0.88362528 -0.74212936 -0.57597652 -0.33358551 -0.31487512 -0.23695998 
0.24641548 -0.20316762 0.73308883 0.67884652 -1.17030935 0.55644484 -0.82319212 0.29867657 
0.71888400 0.13929267 -0.46944153 0.41175480 -1.26270090 0.52634219 0.86857514 -0.35831682 
-0.50237421 0.13467262 -1.09552513 -0.70917594 -0.31051314 -1.07459559 0.48938656 1.10751031 
-0.64592124 -0.47229047 0.49755589 -0.04528196 -0.19281919 0.66246341 0.57967769 0.01164305 
0.57033753 0.17485242 -0.96264307 -0.30691832 0.11845746 0.26369578 -0.70509389 0.75178932 
0.03951375 0.05853324 0.28848350 -0.67226987 -0.57354659 0.73182241 0.32631241 -0.52306409 
1.19948567 -0.44083916 -0.20336357 0.16818103 0.26806237 -0.51576980 1.01608142 -0.01608539 
0.06034177 0.18331613 0.41001400 0.48343828 0.72402127 -0.06120011 0.01129718 0.33908024 
-0.23087208 -1.13367762 0.63230526 -0.49254344 -0.46000715 -0.46545081 -0.77871980 -0.45451991 
-0.73584623 -1.10699879 0.10543056 -0.46553500 0.32715261 -0.21410909 0.42129940 -0.00120414 
0.06326636 -0.09472148 -0.83156508 -0.12351462 -0.03015081 -0.41529681 0.88442841 0.32195142 
-0.44631911 0.28866773 0.00633438 -0.37125406 0.43166577 0.39794896 0.35782995 -0.11355269 
0.24138866 -0.16942874 0.51881281 -0.01284012 0.10406884 -0.28071844 -1.19737332 0.55461587 
-0.46571856 0.48019445 -0.31027119 0.73177313 0.22483315 -0.92252128 0.77962509 0.67814698 
0.53082619 -0.15094787 0.73741896 -0.41242005 0.98109602 0.72905925 -0.45695818 -0.67717341 
-0.15486227 -0.39838005 0.02181603 -0.26700362 0.51070559 0.71544275 -0.00919308 -0.80245571 
-0.56113045 0.80785509 -0.52318218 0.80725856 0.24635036 -0.88801632 0.77039623 -0.12944580 
-0.63770117 0.67130208 -0.30585072 -0.79713906 0.16508886 0.77784993 0.50296563 0.39617295 
-0.00722061 0.15888489 -0.84399434 -0.51593280 -0.14448509 -0.19577266 -0.68376375 -0.40420510 
0.38217073 0.49242960 0.45204133 0.79893288 0.35312246 -0.81101450 -0.13866013 -0.59936381 
-0.05433730 0.35588692 -0.28632232 0.51871192 0.20664429 0.56603647 0.52779900 0.22800294 
-0.83612488 -0.76099308 -0.38698868 0.13366710 -0.59116125 0.44741041 -0.31245818 -0.01617540 
0.89194084 0.58755408 0.04754042 0.48785303 -0.46396901 -0.47224112 0.42125036 -0.59455803 
0.09957567 -1.22874084 -0.83592761 0.01313319 0.34820951 -0.68781992 -0.52307434 0.18508711 
0.24477514 -0.90325843 -0.34211042 -0.11179946 -0.99336158 -0.64775401 -0.19373783 0.17121267 
0.69220031 -0.64168262 -0.24673946 0.53576005 0.23086241 -0.84612094 0.56287076 -0.78130188 
-0.07270144 -0.78563732 0.09047756 0.14027102 -0.41727593 -1.01930336 -0.69913674 0.03860793 
0.20787431 1.10974421 -0.18048104 0.75806161 -0.56736464 -0.39289298 0.67038885 0.29631628 
-0.21855903 0.74312635 0.05337490 -0.46434228 -0.32395171 -0.21747322 0.42048139 -0.42901120 
-0.07498097 -0.09749339 -0.92303665 0.95669989 0.91636400 0.02841242 0.37594922 0.15339928 
0.48090060 0.23762347 -0.58755601 -0.52208777 0.51602067 -0.04633070 -0.40898199 -0.16208763 
0.66206472 0.40872901 0.41715329 0.49045969 -0.03404365 0.76798233 -0.07837331 0.20390949 
-0.16010778 -1.02247801 -0.13738396 0.77206048 0.84987563 0.65466755 -0.18167878 -0.83948394 
-0.92928499 0.50353761 -0.67855468 -1.28095314 -0.95470573 -1.03076322 0.81405868 -0.72565889 
-0.28421213 -0.22030706 -0.05322493 -0.82664799 -1.09935706 0.15104292 -0.39817169 -1.07940906 
0.40871516 -0.76812010 0.93199295 -1.11760689 -0.36511297 -0.26918394 0.05698624 0.00709028 
0.01554214 0.03119666 -0.16257241 -0.76988009 -1.32605026 0.04077681 -0.29979666 0.43732808 
-1.24265829 -0.39601565 0.10491562 0.32102363 0.49418832 -0.07508682 -1.05615970 0.81683557 
-0.08595760 -0.81866364 -0.21733609 0.61756184 -0.09567593 -1.01126370 0.22878794 0.12625839 
-0.23390255 -1.08901465 -0.93874376 -0.60675742 -0.87415947 0.57172046 -0.29426178 0.55611140 
0.63590808 -1.30493165 -0.37822464 0.02995839 -0.65124955 -0.43714933 -1.07127991 0.37871629 
-0.65592574 -0.06237321 -0.53439080 -0.96764967 0.48789566 -0.85061763 0.02307680 -0.09836780 
-0.38598430 -0.78116853 0.30972065 -0.82710367 -0.54040967 -0.34575750 -0.98108123 -0.31238391 
0.39476250 -0.89414852 0.24710346 -0.64283774 -0.98348745 -0.65765639 0.69907491 -0.62435564 
-0.66964079 0.38559788 -0.00049147 0.65464637 0.41395236 0.48096899 -0.86689555 -0.67170658 
-0.42599380 0.02882168 -0.92619171 -0.53205534 -0.42016077 -0.30697504 0.33324952 -0.48031561 
-0.33589013 0.42950543 -0.11175268 -0.70529709 0.19589852 -0.27260979 -0.74448843 0.79954114 
0.27094070 -1.11911841 0.26380499 -0.93280864 0.47325206 0.22884199 -0.57521908 -0.53327444 
0.82780553 -0.56058732 0.21339929 0.51727151 -0.60964984 0.62537668 -0.16193802 -0.85089275 
0.10795629 -0.73699429 0.02393135 0.49832939 0.56240241 0.61366518 0.03717530 0.38299491 
0.12944233 -0.96134024 0.64255312 0.07349534 -1.00729942 0.20184864 0.29718689 -0.06489546 
0.12631569 -1.05444112 -0.33691931 -0.41056738 0.27941081 -0.96538310 0.52600170 0.68179102 
0.10427801 -0.16346579 0.76927111 -0.11345950 0.63850038 -0.91043427 -0.08231692 0.89853506 
-0.20319398 0.42926937 -0.45219665 0.27189448 -0.29758561 -0.12685875 -0.92835634 -0.12478429 
-0.58220368 -0.67092529 -0.28211261 0.87471031 -0.92841588 -0.94076191 0.52735539 1.06620652 
0.12103735 0.47472249 -0.48432167 0.86129672 -0.13563965 0.08072769 -0.58464336 -1.10472312 
0.50256893 0.00281976 0.37855841 1.03523908 0.27803842 0.49530743 -0.22718110 -0.00588931 
0.35365983 0.15196676 0.48284716 -1.04264002 0.57312999 -0.44172380 0.67666300 0.58183366 
-0.39838530 0.87479049 -0.16746826 0.34889014 0.18819627 -0.50299038 -0.19747508 -0.02560659 
-0.64619404 0.75741590 -0.16858536 0.59116019 -0.36462004 0.51325832 -0.54587565 -0.14210126 
-0.07671607 -0.08964736 0.37863958 -0.87990959 -0.55632670 -0.76278051 0.69376742 0.51324443 
-0.66058721 -1.02687855 -0.40446113 0.18278640 -0.62970262 -0.13966491 -0.93537392 -0.40888048 
-0.41014931 -1.00340588 0.66128302 0.33172754 0.78624801 -0.21901552 0.62030159 -0.80963261 
0.46188673 -1.02601139 0.84326329 -1.10387815 -0.42365710 -0.35897037 0.55015450 0.69225434 
-0.60654509 -0.83040539 -0.26381359 -0.76725138 0.25533455 0.51412715 -0.01095122 0.11319398 
0.25047237 -0.80457331 0.29384582 -0.77811764 -0.05039849 -1.03905070 -0.81042996 0.62460570 
1.07824620 -0.44505187 -0.60617690 -0.04849759 -0.35209178 0.02573135 -0.44192542 0.25182128 
0.93000713 -0.02432032 -0.52913125 -0.23773963 0.89404873 -0.07101283 0.22295366 0.70011088 
0.81434640 -0.06011863 0.14401053 0.57419043 0.12587815 0.10206127 0.01574895 -0.73390151 
0.00544434 0.29831218 -0.69834907 -1.19554815 -0.09149659 -0.47390008 0.23957424 -0.09766541 
-0.45010298 0.65335170 -0.81894335 0.76820217 0.86058289 -1.01611886 0.02060975 -0.09557374 
0.09859353 -0.05910282 0.03810824 0.44015328 0.55238463 0.78913671 0.66850520 -0.86519694 
0.22487028 -0.08632851 -0.54430374 0.07310709 -0.86365458 -0.88446863 -0.87295976 -0.68577664 
-1.04793873 -0.29059677 0.87031195 -0.74857138 -1.13017815 0.29689032 -0.86037629 -1.15234143 
0.23115707 -0.68433011 -0.60052622 0.55327835 -1.04195527 -0.02336846 0.56259677 0.48453589 
0.69597269 0.27019772 -0.10640780 -0.34709710 0.41096484 -0.86349418 0.57908887 -0.92017475 
-0.05393570 -0.43946067 0.38230448 0.08256482 -0.37000783 0.32476235 0.49939798 -0.80146059 
0.80816145 -1.11952658 -0.93182452 0.37859623 0.13208907 0.57531806 0.15069176 -0.31422238 
0.66924789 -0.17342907 -0.39569880 0.44727032 0.91910393 -0.32689820 0.01133696 0.02270879 
-0.38407625 -0.00044541 0.07186885 0.53435846 -0.77799728 -0.56853425 -0.31590256 0.17664881 
0.08498490 0.35180854 0.33004131 -0.18494027 0.13907715 -0.37182017 0.15675772 0.24539261 
0.43420903 -1.23961058 0.65515246 -0.10873553 0.08087543 -0.51941145 -0.02266683 -0.53292055 
-0.15616205 -0.62951591 -0.82421715 0.83566178 -0.34999331 -0.02894919 -0.08933441 -0.94649667 
0.85799544 -0.26603897 -0.32606162 -0.78227781 0.03169276 -0.79075569 0.51221382 -0.40112164 
-1.03129851 -0.64597120 -0.11113214 0.21458907 0.82125782 -0.91470100 0.37473300 -0.57782376 
-0.31016851 -0.48798401 -0.58146297 0.41648371 -0.09263447 -0.91782409 -0.93881310 0.95547970 
-0.09409026 0.21840540 -1.08312187 0.56488168 -0.77021104 0.13816406 0.23833032 -0.65552835 
-0.58000133 -0.27185072 0.13684669 0.19251617 0.09619855 0.10428448 0.49955645 0.76654943 
-0.00053893 -0.94107288 0.66766595 -0.53041807 0.79075492 -0.50673130 -0.63096031 -0.20426428 
0.67283471 -0.85506395 0.62610610 -0.18178008 0.92088925 -0.79785187 0.97692671 0.72076955 
0.99870718 0.09559428 0.40456368 0.61146889 -0.96297362 0.20644051 -0.20013576 0.48167177 
0.82095970 -0.86459980 0.72873764 0.49639968 -0.24800737 0.37021633 -0.78912122 0.19898872 
-0.58145783 -1.03884569 -0.05543619 0.10259020 -0.53527078 0.30817902 0.28258293 -0.39001184 
1.00806271 -0.24824879 0.48533125 0.49018179 0.26485337 0.09164370 -0.61501029 -0.78401322 
-0.36703488 -0.70424955 -0.41321360 -0.47638626 0.49579483 0.86886140 0.07627706 0.31142016 
-0.30931289 -0.66371840 -0.14252420 0.47279995 0.22101624 0.51913467 0.93585747 0.04732935 
0.17509846 -0.27629157 -0.51754379 0.48467593 0.00187907 0.85209036 -0.44438721 -0.56672175 
-0.59499481 0.56541944 -0.22331334 0.55601959 -0.25120140 0.07578798 0.01285877 0.94350283 
-0.36186084 -0.12491173 0.77591714 0.38086574 0.67867876 -0.67237065 0.63133248 0.35532556 
-0.18837127 -0.04700932 0.25585907 0.27668047 0.58503432 -0.19931905 0.01750564 -0.47724582 
-0.60819449 0.66415311 0.60499636 -0.17333578 -0.13890158 0.31580422 0.83602658 0.87253870 
0.46706818 0.51472195 0.10417651 0.38008635 0.71145347 -0.00146488 0.58862090 0.24157761 
0.69859731 -0.79787018 -0.36781858 0.58002566 -0.77782202 -1.12162330 0.64999267 0.94593604 
0.16719034 -0.23133490 0.17824945 0.98034147 0.93860626 -0.01246009 0.20856565 0.51178204 
0.33010576 -0.25802534 -0.37166100 -0.79044007 -0.54898905 -0.81719679 -0.54858376 0.60069094 
-0.40820350 0.14236233 0.67648200 0.23792416 -0.73799124 -0.53379530 -0.67657745 0.11485746 
-0.28027735 -0.40522329 -0.41306759 0.98007766 -0.57386924 -0.02993088 0.54344054 0.49925456 
0.23632707 0.20746449 0.23345654 -0.68720982 -0.48062782 -0.68157281 0.94145856 0.32002110 
0.16753356 -0.23898143 0.53521773 0.20798018 0.57925228 0.16338606 0.25074395 -0.15918577 
-0.00389850 0.40942525 0.16013006 -0.23345153 0.97634438 -0.23184618 -0.33650514 0.13740676 
1.11402841 -0.85384822 -1.14940023 0.88785572 0.70959354 -0.70496663 -0.57722630 -0.77872937 
0.82659745 0.71944993 0.19540235 0.66588699 0.54313286 0.45271229 0.70263206 0.00989368 
0.79768176 0.07782611 0.05598481 -0.60819796 -0.61197137 0.17725404 -0.63808097 0.29676860 
0.48475597 0.49689933 -0.47126349 0.38360523 0.66476920 -0.30586637 1.00658716 0.57889977 
0.27257944 -0.47172331 -0.71322710 -0.35675074 -0.42303188 0.01295152 -0.80151592 -0.80553509 
-0.07783820 0.29445468 -0.48381061 0.96058417 0.62005413 -0.10876263 -0.19367869 0.05774961 
-0.79462414 -1.07454274 0.90552396 -1.01881108 -0.27097966 -0.93712556 -1.11391482 0.65537478 
0.74479974 -0.14276533 0.08588625 0.66422266 -0.45100375 -0.51178787 -0.37149344 -0.58726929 
-0.85042319 0.73262133 -0.27611610 0.06440620 -0.42553546 -0.32685576 -0.19293194 -0.30513185 
-0.47931109 -0.03411348 -0.93951956 0.89442411 -0.04965381 -0.00988878 -0.58541060 -0.26409709 
-0.26777340 -0.02799645 -0.61653976 0.36361900 0.10425590 -0.46536317 0.82086492 0.38316985 
-0.52993685 0.44712056 -0.01897004 -0.50153371 0.13620545 -0.91561270 -0.85273696 0.59936768 
-0.08918282 -0.33790618 -0.67583225 0.83212034 -0.21701855 -0.60461020 -0.20367492 -0.40873080 
-0.78348199 -0.66979568 0.02678923 -0.63660004 -0.14040902 0.67500872 0.66665321 0.94854330 
0.96775964 -0.58964186 -1.17307111 -0.01759790 -0.11196855 0.73654402 -0.89487413 0.16842036 
-0.48427226 -0.76981195 0.40138324 1.02123531 0.41421636 -0.70918171 -0.42632827 -0.90204694 
0.72355698 -0.49484564 -0.25050369 0.29776319 -0.69043947 -1.07995891 -0.92693157 0.62140980 
-0.60483616 0.05349987 0.41817749 0.59261669 -0.64439437 0.05055233 -0.98929351 -1.07348489 
0.01598563 0.09067369 -0.06170427 -0.29248664 -0.05758935 -0.10959276 -0.59590111 0.26563053 
0.35410277 -0.69085273 0.09914546 0.88989919 -0.66166524 0.96317905 0.67120797 -0.89541532 
-0.93614727 -0.43882663 -0.55695217 0.71477727 -0.17606257 -0.52239553 -0.78350257 0.44449312 
0.55745053 0.11876182 -0.33171772 0.14354079 -0.73042898 0.63064422 -0.71863945 -0.75792490 
-0.44962111 -0.57046548 0.27851232 -0.25808946 0.26265042 0.41754136 0.05537528 0.73786998 
0.07430900 -0.56330816 0.17423125 -0.78875453 -0.42359533 0.75740614 -0.86800329 0.15356906 
0.40625484 -0.27162626 -0.28813435 -0.63252879 -0.45085859 1.04071177 -0.64680683 -0.15379471 
-0.70051392 0.32766959 -0.26699237 0.52057117 -0.24062325 0.11292270 -0.16824233 0.74251758 
0.69030552 -0.56011541 0.42625066 -1.14258059 -1.06583798 0.68310552 -0.48704278 -0.71278511 
-0.30111363 -0.98763929 0.08434085 0.25994460 0.62526530 -0.69960476 0.04782080 0.34702088 
0.53136660 -0.61317405 -0.58377974 -0.06178525 0.47662815 -0.86781949 0.15611067 -0.91132568 
0.76479869 -0.89416160 0.56960042 -1.08660093 0.81963997 -0.42104554 0.00945804 -1.07160392 
0.22523050 0.38127813 0.79625536 0.96268270 0.65465928 -0.22380703 1.03452492 -0.88953978 
-0.05345908 0.60325011 -0.82344323 -0.65616591 -0.46473052 0.88905462 0.60862963 1.17131009 
0.15982252 -0.59189215 -0.14865141 -0.71373971 0.54351563 -0.43140789 0.07692624 -0.29873378 
0.01904597 -0.25484333 0.88270791 -0.79654533 -0.72403400 -0.83561675 -0.90656160 -0.71756020 
-0.73531112 -0.79699731 0.23961680 -0.35479071 0.50593944 -0.01518143 0.81026776 -0.11549664 
0.79686220 -0.15999997 -1.03449322 0.97770420 0.21749077 -0.41627255 0.08723962 -0.76157408 
0.15197793 0.64075467 0.23917254 -0.45791027 0.66818254 0.79785563 0.70951779 -0.93313754 
0.70772738 0.16569708 -0.70834974 -0.23784697 -1.04115956 -0.88306086 0.81503095 -0.83144779 
-0.54438200 -0.60211158 0.67929320 0.77147267 -1.12429059 0.15494083 0.80787530 0.37427888 
0.01365652 0.91904466 0.32365106 0.10149165 0.61210380 -0.92270304 -0.86079273 -0.37578677 
-0.96333713 -0.80120299 -0.04338025 -0.63787901 -1.08677152 -0.48705757 -0.79095471 -0.70212216 
-0.67064099 -0.79624260 0.20775017 -0.26263859 -0.07188853 0.15924461 -0.16509012 -0.91315972 
-0.80286189 -0.76035788 0.68421036 0.25948060 0.51741401 -0.23620184 0.35158335 0.36637249 
1.02731479 -1.24017738 0.14540928 -0.45860815 -0.46407259 -0.01586200 -0.02740001 0.90768604 
0.62411024 -0.69644287 -0.18243545 -0.82786882 -0.21228895 -0.00999114 -0.74877715 -0.70179201 
0.40733754 -0.84343465 0.03820978 0.47277515 -0.58269010 0.17018546 0.50360241 -0.49658737 
0.78594984 -0.21092944 -0.58704823 0.38300605 -0.51496379 0.62458587 0.29196499 -0.55632429 
0.70290910 -1.15880841 -0.10510245 -0.54492379 -0.78437221 -0.75347101 -1.00507552 0.53499851 
0.48389407 -0.79535215 -0.22454828 0.78397128 -0.80675797 0.01368656 0.33176487 0.62024262 
-0.57344242 -0.12913534 -0.32375379 -0.16086769 -0.31797380 -1.04341858 -0.52859050 0.52027491 
-0.80567262 0.28182749 -1.06970882 0.57193312 0.58523392 -0.15695215 -1.18274479 -0.26448771 
-1.16494671 -0.88760057 0.93252441 -0.54601053 0.65309485 -0.19941633 -0.20414424 0.38950505 
0.83009593 -0.50431192 -0.06707357 0.51772813 0.38801759 0.22011109 -0.81458400 0.03508356 
-0.23574355 0.36735024 0.08334395 0.17181584 -0.52507467 -0.70308028 0.33444962 0.47771520 
-0.52169129 -0.17923662 0.27027893 1.08053881 -0.67292594 -0.98652250 0.35591767 -0.36727889 
-0.09081066 -0.36731229 -1.08374706 0.09169254 0.56313720 0.43463815 0.78551255 0.18146765 
-0.77450185 -0.86093027 -0.73544229 -0.19336249 -0.31431578 -0.76298280 0.33885246 0.04620350 
-0.51366122 0.21820359 -0.89349598 -0.34680728 -0.70636933 0.00867483 0.06779344 0.20330241 
0.27153849 0.19612662 0.39337117 0.73971578 -0.58375963 0.84453332 0.40366503 0.20095015 
0.28016230 -0.23279026 -0.44366320 -0.68947687 0.23196723 0.10118841 -0.00483943 -0.44772036 
0.27806129 -0.54595316 0.10274192 -0.48120284 -0.58966400 -0.61975010 0.59243120 -0.88139856 
-0.08099248 -0.75795039 0.80500819 0.95292883 0.09279061 0.64977679 0.51699618 -1.09531360 
-0.63269031 0.28152365 0.69344066 0.64020300 0.00318867 0.57523188 -0.74464201 -0.26739982 
-0.93180455 -0.83889536 0.70203483 0.93466380 0.31993738 0.47195617 -0.82773014 -0.76799985 
0.97712155 0.06361749 0.34678675 -0.34672857 -0.50508861 0.30907960 0.27405324 0.63838135 
0.97732554 -0.57169609 0.09629301 0.60005293 0.02633994 -0.47423158 -0.20053829 0.64586711 
0.77916714 0.13869851 -0.04079269 -0.02253462 -0.94721361 0.02664582 0.53702418 -0.00715734 
0.27059444 -0.14884872 -0.21685039 0.54792686 1.04062474 -0.06499134 -0.72919409 0.87551480 
0.28963588 0.60345199 -0.68974469 0.18178489 -0.36174134 0.37113500 -0.67612534 -0.88528860 
0.46413303 -1.34858684 0.34507364 0.14641795 0.10430270 0.57314359 0.54987125 -1.13713971 
0.84444962 0.18450978 0.41780349 0.64673344 0.52543625 -0.33933490 -0.15107271 -0.90119255 
-0.70439649 0.70377774 -0.02222861 0.79277190 0.21093661 0.81023465 0.09201791 -0.60519153 
0.25761005 -0.61591234 -0.61302788 -0.12637092 -0.52938220 0.36507554 0.52251607 0.50795766 
0.55365263 0.63041097 -0.95533932 -0.75537471 0.66000173 0.33232003 -1.04264813 0.17671535 
0.17209336 -0.69757805 -0.98040972 0.39966260 0.52950294 -0.48847557 -0.82848920 0.03770157 
-0.66148986 -0.05197303 0.84225285 0.57264288 -0.51869814 0.30995809 0.58232994 -0.47688715 
-0.95791857 0.62242382 -1.07684294 -1.06788552 -0.70724808 0.89511982 0.80176540 -0.38110006 
0.63192727 -1.00362040 0.09161888 -0.00182589 -0.42075588 -0.14282671 -0.19655460 -0.60651644 
-0.93342413 0.70887267 -0.04069454 -0.99652830 -0.41595313 -0.25482485 -0.38567451 -0.70351587 
-0.13004196 -0.04966893 -0.20077145 0.05986958 -0.55067624 -0.53914129 0.15125455 0.27686902 
0.84693949 -0.70722522 0.80547053 0.65031716 -0.48829001 -0.91487758 0.06673219 0.74811629 
0.09654012 -0.19088806 -0.71638207 0.36153805 0.12331294 -0.80595735 -0.08338747 -0.61481163 
-0.50262387 -0.19559506 0.66750182 -0.41561756 0.37932550 0.77372327 -0.71812802 0.59862331 
-0.13377545 -0.01441650 -0.18448642 1.04586114 0.42518677 -0.57721822 0.19572236 0.12644429 
0.24542552 0.17186176 -0.55121710 -0.50176711 0.13430808 -0.06896376 -0.64487351 0.02525141 
0.17880590 0.83386815 -0.73550431 0.36902712 -0.76528337 -0.47087543 -1.03090020 0.84531952 
-0.84989582 0.26342102 0.22093353 0.86268266 -0.31307477 -0.19497692 -1.17137123 -0.15688860 
0.63542689 0.16153130 -0.81337069 -0.12244974 0.56112749 -1.04324796 -0.47053110 -0.86809417 
-0.21664552 -0.16259231 -0.69892765 -0.22025295 0.68674454 -0.93013427 -0.46780044 -0.19956755 
-0.95298848 -0.59261195 -0.82941897 0.18930124 -1.09117804 -0.05269299 -0.25682269 -0.91535951 
0.78984643 -0.10455389 -0.32000919 -0.34260755 0.91785949 -0.41313321 -0.21175633 0.03888349 
-0.63543591 -0.75010388 -0.66069223 0.21726119 -1.22826974 -0.05083584 0.73935167 -0.42410248 
0.43380255 -0.44061144 -0.37033054 0.06404122 0.27216123 0.05756561 0.94935535 -0.60866373 
-0.85333527 -0.56294533 -1.10270524 -0.87813965 -0.35525534 0.69970707 -0.70147907 -1.00950122 
-0.87279536 0.63681203 0.18977474 0.37792928 0.19811503 -0.90768333 -0.13941682 -0.80818420 
-1.10165682 -0.11802707 -0.95444437 -0.97903744 -0.38957642 0.98922354 -0.52109306 -0.55284441 
0.39681164 0.70800341 0.48847209 0.51964949 -0.28618747 0.18961868 -0.82341354 0.62298077 
-0.97936559 0.30283699 0.74981832 -0.96563688 -0.33435342 0.18437978 0.28592454 -0.33610035 
-0.27473312 -1.29354082 0.52974078 -0.95963609 0.44234461 0.16234412 -0.96216893 -0.05912503 
-0.78989612 0.73093574 0.19278014 0.09177312 -0.68324497 0.18590505 -0.20491142 -0.00706635 
-0.79500912 -0.09676457 0.71154943 0.82466581 -0.05670407 -0.05245378 0.36878130 0.79037817 
-0.50638055 0.18397682 -0.70700486 0.37140710 0.64509574 0.43858475 -1.01566823 -0.73321313 
0.25177855 -0.12767426 0.49680087 1.06511018 -0.17562154 0.16053034 0.31339792 0.24679793 
0.54530728 0.53195464 0.55883325 -0.56076704 -0.15926675 0.57330018 0.50242922 0.39894158 
-0.03907077 -0.53323575 0.34310553 0.69192002 0.95769310 -0.07764413 -1.07230471 0.57849487 
0.02292292 0.59729420 0.82902753 0.64055263 0.83434734 -0.25763411 -0.22040010 0.88921237 
0.63221591 -0.20836735 0.16228032 0.50401351 -0.47111126 -0.72420514 0.18719912 0.49082285 
-0.67771196 -1.04894779 -0.25911225 -0.79524621 -0.49242642 -1.06094330 -0.68838576 0.98983131 
-0.10223361 0.16458057 -0.51258333 -0.34455338 -0.13409589 -0.96544948 -0.91131898 0.36636892 
-0.58296189 0.44748695 0.76436934 0.60560715 -0.46998771 0.06029027 -0.14459980 0.19950165 
-0.41506657 0.69734178 0.19725670 -0.88497887 -0.74705454 -0.57487002 -0.11829605 0.27559902 
-0.63914594 -0.71810220 0.00985163 0.02906542 -0.26302644 -0.87493926 0.26222894 0.36023722 
0.25818327 -0.13887207 -0.59720388 -0.19346146 0.78615657 0.61587044 -1.01345583 0.24685313 
0.27963271 -1.04860260 -0.21423634 0.19219490 0.70977030 -0.82421706 -0.86622007 0.60426698 
-0.73316055 -0.54942091 -0.61574328 1.05528309 -0.71629557 0.62714070 0.42725012 0.57777138 
0.46597329 0.17443322 0.59454821 0.42991766 0.23823463 -0.57888664 0.32784799 0.56571195 
0.38026625 -0.84931512 -0.13176523 0.42772994 0.41503449 0.62187379 0.10993819 -0.07030144 
0.61897739 -0.73673863 -0.39767170 0.22978884 -0.44636806 0.75272169 -0.80993051 -1.19496746 
-0.71306421 0.42156524 0.65075477 0.24378357 -0.51746350 0.49148924 -0.80752908 0.45754752 
-1.08595035 -1.05359377 0.35406303 -1.10149373 0.85432327 0.07164349 -0.15196785 -0.32998601 
-0.01366437 -0.11630624 0.18287739 0.29479677 -0.46227189 -0.72322738 -0.15984202 0.00781387 
0.79350136 -0.66858962 -0.73481250 0.75828763 -0.99425078 0.19610199 0.18348076 0.91133319 
0.13335841 0.50916485 -0.02498679 -0.26677760 -0.94034814 -0.92796791 0.47740438 0.19253532 
-0.70039216 -0.69008158 0.16127515 -0.89976346 -0.68620909 -0.56834947 0.51031537 -0.76866019 
1.04499642 -0.08984443 0.74586530 0.86561741 -0.35097846 -0.82174166 -0.29919807 -0.85390424 
-0.89583787 -0.87247413 0.21072405 0.63372126 0.06809901 -0.67830557 0.72401519 0.08420158 
-1.24480425 0.01779727 -0.02665186 -0.27647071 -0.25339378 0.34897754 -0.91001410 -0.80419263 
-0.38595102 -0.29637467 0.40477065 0.46057761 -1.04396602 0.59305004 0.53940324 0.86952144 
-0.76512986 0.47377760 -0.81504671 -0.73072196 0.89878163 0.64016545 -0.81642735 0.34350599 
-0.52597467 -0.21808538 0.34240743 0.73002428 -0.61086952 0.51405315 -0.39833947 -0.70698196 
-0.44120736 0.52436503 -0.91454462 -0.23626501 0.97195404 0.42730990 0.73501869 -0.63730863 
0.31955197 -0.10408384 -0.66400276 -0.15866804 -0.46368277 -0.43880609 0.03589672 -0.13184226 
-0.60165880 0.03078956 -0.81219215 0.71929779 0.18157194 -0.72112176 -0.47185828 -0.56697042 
-0.17706157 -0.84305843 -0.18014607 -0.44722972 0.21871356 -0.49802017 -1.12431740 -0.16423968 
0.57281856 -0.66784049 -0.33479789 0.75792842 -0.29220548 -0.12035076 0.34236726 -0.30164763 
0.85777043 -0.48186020 0.32243661 0.39386826 0.26877720 -1.02275139 0.71717151 0.48213011 
0.53148728 0.15466521 0.48724337 -1.15408619 1.15097969 0.22614927 -0.25920467 0.89425947 
0.65008160 -0.23813918 -0.63081603 0.37112702 -0.96988834 0.70681540 -1.02446334 0.17398509 
0.58503157 -0.44489824 -0.76212555 0.80757804 0.68720607 0.15194217 -0.38970372 0.47266169 
0.89556193 0.07285742 -0.65684312 -0.72917847 -0.06453976 0.43697194 -0.33932846 -0.75219978 
-0.74251691 0.81153381 0.10624068 0.13916061 -0.68345186 -0.28425843 -0.00016461 0.08765539 
0.03051726 -0.99785237 0.39086320 -0.67828396 -0.22347794 -0.61626388 -1.02479627 0.87982583 
-0.10719819 0.34167246 -0.42096853 -0.51366453 -0.79055973 0.32072744 -0.12309324 -0.67123894 
0.77565644 -1.35016836 -0.31762840 -0.57099716 0.97009953 0.46641368 0.42461209 -0.01649621 
0.00101711 0.10470942 -0.30592814 0.80674628 0.67218301 -0.48107327 0.44254700 -0.11785544 
-1.10943618 -0.42725990 0.18172637 0.96726882 -0.26588312 -0.73907764 -1.02292837 -0.02172988 
-0.25995940 0.50615072 -0.43426476 0.40847413 0.70064788 0.61017949 -0.75757074 0.04255433 
0.17742003 -1.07702988 -1.08931946 -0.03333933 0.59489585 -0.33350300 0.46764576 -0.67276484 
0.12472659 0.45998382 -0.93356588 0.49666250 -0.16218122 -0.88529614 -0.10571689 -0.62955869 
0.68052164 -0.66889689 -0.84961735 -0.79998246 0.08185877 0.21099698 -0.04947814 -0.34706051 
-0.64923568 -0.87433869 0.31592527 0.37893293 0.83613922 0.17627894 0.14653068 -0.92718776 
-0.82274637 0.34044345 -0.71524294 -0.99340410 -0.14325646 -0.90575375 -0.89757370 -0.42665220 
-0.47569453 -0.21172528 -0.67616137 -1.10942626 -0.69155612 -0.30129521 0.08935725 -0.34841201 
-0.19347279 0.58175027 -0.78020276 -0.09510703 0.65959734 0.31263972 0.46960202 0.30098012 
0.40545316 -0.60025888 -0.03794315 -0.59092886 -0.57930415 0.33446864 0.35806646 0.56995027 
0.69923058 -0.64438354 0.25332126 0.49047084 -0.51203726 0.39760706 -0.46004403 0.61505437 
0.17370414 0.61816632 -0.68787331 0.22608966 0.11472251 -0.38502162 0.02122789 0.54232755 
0.45252128 0.06889103 -0.64792370 1.07527574 0.08906756 0.39581353 -0.62050877 0.67084079 
-0.23120354 0.47550344 -0.20176735 -0.13644325 -0.59209120 -0.15389890 -0.97969798 -0.46525197 
0.70977947 0.14893793 0.34141173 0.78523841 -0.50714753 -0.49090505 0.39937208 -0.45782550 
-0.32287611 0.50658341 0.16568520 0.02265559 0.55770696 -0.00279805 0.67956242 -0.95336679 
0.73237756 -0.83544026 0.19676783 -0.92271265 -0.28532114 -0.65654829 0.00819203 -0.52939822 
0.09981382 0.70214919 -0.57652047 -1.27456888 0.73739399 -0.32032438 0.53107559 -0.44020032 
-0.10819234 -0.41290990 -0.02940177 1.01661091 -0.87489182 -0.61064282 0.53817042 -0.59892230 
0.29070920 0.06001220 -0.94992728 -0.49861482 0.52979675 0.36388269 0.58283102 -0.34439074 
0.48687132 -0.72862483 0.09758902 0.26778832 -0.07377333 0.47641089 0.33697545 -0.61185037 
0.86254517 -1.05510841 -0.28002794 -0.97924518 0.72097243 0.43938548 0.79544558 -0.57237700 
0.59460681 -0.38375219 0.63315067 -0.59890247 -0.88004273 0.45148443 -1.06434633 -0.44666747 
-0.58562899 0.08468198 0.70278809 0.27817115 -0.80583573 0.68061462 -0.16505843 -0.05614457 
0.68823525 -0.91499114 -0.53926951 -0.48378676 0.67012368 -0.03362066 -0.19999439 -0.92204798 
-1.21800185 -0.92542246 -0.30627284 -0.19706645 -0.87055995 -0.13397790 0.67339381 0.21719732 
-0.66038458 0.33258445 -0.86892217 0.47912506 0.77259795 -0.50623385 -0.75363420 -0.11809268 
-0.17989730 -1.08342500 -0.55121342 -0.31029286 -0.63713285 0.28895246 0.82076370 0.08430579 
0.82041352 0.04166294 0.53476055 0.72859839 0.47741208 -0.70552427 0.15109967 -0.47159245 
-0.45727649 0.41095160 -0.58932852 -0.64111795 0.69596021 -0.89255229 -0.11194911 0.31752522 
0.32980802 -0.52014061 -0.56746339 0.00615380 0.61790372 0.67978661 -0.08984069 -0.90995038 
-0.02350265 -0.31908991 0.12851213 -0.54388574 -0.51502235 -0.43581501 -0.37312515 0.79476710 
0.15178742 0.26923928 -0.08460193 0.58220708 -0.15515245 -0.46647223 0.10398640 0.20436078 
0.33641228 0.48524910 -0.44240177 -0.49805650 0.38519872 -0.70760784 -0.88988382 0.83641431 
0.56889762 -0.41359835 -0.94761705 1.01985374 -0.13201864 0.19916923 -0.14885605 -0.09911032 
0.38615344 0.27015852 -1.03710247 0.81890481 0.20366779 0.35925893 -0.31308890 0.86561244 
0.32560806 -0.16995518 -0.98216720 0.94100985 -1.08894120 0.14811906 -0.43479341 -0.02908751 
-0.58947793 -0.48456876 -0.78322959 0.07608074 0.70811097 -0.58815619 -0.18458209 0.18553452 
0.33480262 0.44959987 0.12386125 0.00150919 -0.11497600 0.71429708 0.12025779 -0.57589170 
0.19602519 0.38870672 -0.07967307 0.91010954 0.14088433 0.76402881 0.60711214 0.61308558 
0.28808363 -0.21375242 0.45719242 -0.45126587 -0.37417842 -1.08155425 0.70919138 0.37040434 
-0.90521818 -0.90240315 0.13372359 -0.82045641 0.88385909 -0.20006538 -0.89714825 0.22272978 
0.65647234 0.07411188 -0.70502541 -0.44106999 0.94825025 0.84111450 -0.10312594 0.69276986 
0.12740739 -0.71426380 -1.09207240 -0.86450022 0.79269403 -0.90883681 -0.93382886 -0.22523295 
0.35525690 -0.03193501 -0.93035466 0.27146575 0.07057399 0.26330771 0.52288251 0.59666317 
0.84274443 -1.02474907 -0.94655721 0.73141625 -0.48836161 0.41486650 0.48541399 -1.25085861 
-0.35277742 0.32167567 0.63610115 0.39946035 0.47262448 -0.17416075 0.13100641 -0.42101659 
0.32480906 -0.06344727 -0.26509994 0.50166328 -0.17225912 -0.51349085 0.97368172 0.59803322 
0.42361150 -0.87274871 0.00031707 -0.47555788 -0.47266598 -0.25428453 0.57603087 -0.02018024 
0.60912079 -0.66832738 -0.93573134 -0.13517612 0.67432017 -0.14955225 -1.12096908 0.38048977 
-0.95848119 -0.50006592 -0.17074548 0.19005754 0.65452255 -1.36592361 -0.20396489 0.57210299 
0.93949973 -1.11241225 0.75890541 0.58507070 -0.94604763 -0.65433373 0.52363671 0.06543565 
0.48438901 0.19139442 -0.43451501 0.63446914 -0.49621221 0.57421344 0.66287352 0.71839206 
0.20897960 0.18784489 -0.51780367 0.11332807 0.06110710 -1.02389018 -0.00785826 -0.40033395 
-0.31405342 -0.45105489 0.01502532 0.56671314 0.44796125 0.09778782 -0.28078909 0.03626865 
-0.18392139 -0.35151834 0.18078922 0.02909302 0.61888720 0.68325171 -0.05567368 -0.27408776 
0.53706781 -0.07245139 0.31679770 -0.57662237 0.65334295 -0.86918075 0.62233798 -0.52705282 
-0.67372148 -0.73224251 0.07281260 0.30658697 0.34474416 -0.85391089 0.74536881 -0.44488109 
-0.61400860 -0.33603033 0.09589169 0.25877712 0.60613928 -0.27090642 -0.94296524 -0.79977204 
0.35670461 0.55502385 -0.52590052 -0.59125502 -0.03597386 -1.07197699 -0.23424205 -0.25398978 
-0.96398917 -0.16196475 0.36499440 -0.78270482 0.85308126 0.33376027 0.33964106 0.44216038 
-0.21005784 -0.19220188 0.36181427 0.13107744 0.40231394 -0.55933818 -0.08170836 -0.26100235 
0.53364579 0.07435401 -0.78452093 1.06613455 0.31393342 0.78971630 0.55344223 -0.53593954 
-0.66413671 -0.45266406 0.08321232 -0.82942737 0.13290502 -0.98815425 0.05160586 -0.07405118 
-0.71633061 0.30868925 -0.69166866 0.06150362 -0.85672381 -0.56194032 -0.62195655 -0.20262550 
-0.70350569 -1.13854881 -0.09490394 -0.30310405 0.41260220 0.15361458 0.12379155 0.19197567 
0.20148184 0.64486668 0.47998283 0.47864822 -0.69246639 0.44935560 0.63107171 -0.40245559 
0.90651876 -1.25259801 -0.72838949 0.31671481 -0.38678482 -1.06433270 -0.81282563 0.13074066 
0.56946507 -0.09190222 0.32407391 -0.27088727 -0.72891893 0.07294141 0.25074373 0.66482152 
-1.10805429 -0.34663645 0.77227581 -0.71818511 -0.91302188 0.58214080 0.41279615 -0.05429475 
-0.90775519 0.84502045 -0.70470309 0.07964435 1.10365691 -0.94530619 -0.43883367 -0.42014072 
-1.00219980 0.28170136 -0.97090494 -0.77347494 -0.95427025 -0.04741150 -0.00237191 0.54813805 
0.57471330 -0.88068856 -0.73205346 0.63834474 -0.24470382 0.58069329 0.21061503 0.63169566 
-0.18597449 -0.65776201 0.25931427 0.59386764 0.49428025 0.42019284 -0.45267482 -0.79883508 
-0.46286880 0.88444699 0.09989182 -0.55899401 -0.07141094 -0.66605028 -0.38371194 0.67389327 
-0.80927762 0.41377440 0.66241558 -0.45651858 0.11839639 -0.94196198 -0.52198307 -0.57511220 
0.24965488 -0.53867894 -0.17863435 0.17938116 -0.23835985 -0.11581609 -1.15870312 -0.10984430 
-0.59316475 -0.98439845 0.24803946 -0.58445484 0.84896148 0.29117111 0.20973440 0.03454731 
0.19467863 -0.83552905 0.51724135 -1.07084896 -1.23113934 -0.22829862 0.79041490 0.82797308 
-0.98845257 0.54969116 0.57123814 0.04376815 -0.80716484 0.76664023 0.02460372 0.18680795 
0.18585157 -0.10137233 -0.01042621 0.79637476 0.71838569 -0.25821855 0.79865322 -0.08511741 
0.94731733 -0.95576090 0.79465268 0.88642472 -0.68741937 0.56742419 0.92429421 -0.80299091 
0.10888959 -0.59998029 0.59939161 -0.08379807 1.03820429 -0.54563801 -0.08708093 0.81053583 
0.38143950 -1.26615453 -0.51278227 -0.64727557 0.07409458 0.51873930 -0.17957117 -0.42765838 
-0.08240352 -0.68574005 0.42882677 0.28313837 -0.36935024 -0.54679950 -0.54162857 -0.97136466 
0.40391058 -0.62601531 0.74454802 0.54541526 -0.65516759 -0.69654727 -0.99725582 -0.85668887 
-0.79118960 -0.27948659 -0.42505544 0.62289817 0.56330150 -0.11479794 0.41836866 -0.08575274 
-0.91679694 0.61146130 -0.86127187 -0.90776792 0.00588901 -0.74141069 0.66849849 0.07701194 
-1.31707180 0.08242548 -0.92277436 0.09444414 -0.86454000 -0.11958260 -0.98571488 -0.77227427 
-0.13330766 -1.15301522 -0.71258602 1.01011122 0.65824572 0.50713050 0.84232922 0.05796122 
-0.74826249 0.66014396 -0.27507791 -0.34791898 0.32779343 -0.37917100 -0.27332763 0.26511663 
0.27623079 -0.47699206 0.66176721 0.83386531 -0.96085119 0.42606447 0.01320904 -0.83200046 
0.53270722 0.52094071 0.44145931 -0.68179778 -0.39180851 0.25428291 0.12869789 0.77588562 
-0.50714895 -0.94028831 -0.09786215 0.64069474 -0.28102516 0.48322364 0.64232591 0.14848717 
0.26724301 0.50090674 0.11280673 -0.55892016 0.26179580 -0.21067067 -0.54863177 0.69014029 
0.24961234 -1.08464092 -0.22192379 -0.78297856 0.27332764 0.65972927 0.72072174 -0.83588924 
0.57056988 -0.07467961 -0.10418776 -0.63073937 0.69206347 0.30654709 -0.31088214 -0.47931784 
-0.49390291 -0.50230485 0.63407684 -0.17067854 -0.33476086 -0.85659506 -0.52681415 0.34575877 
-0.27010409 0.59229449 -0.29634951 0.56028980 0.98492929 -0.62730059 -0.32541083 -0.53453597 
-0.17303023 -0.15402006 0.38442290 -0.71529176 -0.42061447 -1.04366568 -0.70318853 -0.40749856 
-0.27758832 0.28461394 -0.56673799 0.79802194 -1.00978347 0.65162481 -0.18477326 -1.17845319 
0.26674281 -0.22024795 -0.58241176 -0.97161389 0.96870900 -0.30045234 -0.29390321 -0.18419399 
0.52502049 0.44996822 -0.38030230 -0.55327545 0.20435533 0.14565909 -1.04254459 -0.69690355 
-0.90153856 -0.00948112 0.28665682 -1.02031873 -0.52418383 0.44671114 0.56692816 -0.67209909 
0.42182657 -0.24338210 0.72425972 0.21044075 0.59758925 -0.45479682 -0.29760381 0.80612777 
-0.31699145 0.12475559 -0.39298265 -0.67832021 -1.10879072 -0.01850768 1.09639206 -1.14037416 
0.81248252 0.30858214 -1.06614593 0.75162680 -0.18787333 -0.43034286 0.22258267 0.05010524 
-0.26559266 -0.54438934 0.71252660 0.74032361 0.12856885 0.36642770 -0.99334678 0.25108909 
-0.40262124 -0.04225583 -0.87157296 -0.89991022 -0.50260372 0.33368713 0.12317679 -0.70413910 
-0.82285918 0.12235740 -0.43461632 -0.28456594 -1.18371274 -1.07059943 -0.57555895 -0.41978183 
0.78557294 0.39324430 0.67753922 -0.91845314 0.03874862 0.22455492 0.40877326 -0.06085988 
0.71393467 -0.12482358 -0.40526371 0.70257802 0.53670532 -0.95842060 0.14557256 0.23492246 
0.33587462 -0.72003025 -0.54502738 -1.05290346 -0.59042428 -0.38032017 0.58716138 -0.29738864 
-0.56487028 -0.61916758 -0.22425564 -0.05518598 0.63545736 0.86305253 0.26554570 0.87910006 
-0.57333937 0.52815710 -0.28411427 0.23093143 0.18142908 -0.21108510 0.30945045 -0.73921384 
-0.01973355 -0.83957151 -0.67941915 -0.15836992 0.69932372 0.02167353 0.66740465 0.36177424 
-0.69781521 -0.08079264 0.57029991 -0.65905980 -0.77873026 0.37160877 -0.57533018 -0.62918293 
-0.24567349 -1.15704374 0.13315371 0.00036025 -0.29852927 0.58575941 -0.81700231 -0.54188501 
0.18708293 -0.52047514 -0.94931460 -0.33119173 -0.89799822 -0.84139701 -0.15354022 0.10774666 
-0.59691567 -0.91801201 -0.40594877 -0.24579643 0.31141419 -0.38356636 -0.83073003 0.59984935 
0.47870294 -0.34227134 -0.55119682 1.08594055 0.54966262 -0.23452994 -0.56807888 0.10451877 
-0.46411884 -0.59658029 -0.76386982 1.00409739 1.03796570 -0.28124008 0.18738317 -0.55583944 
0.17451949 0.54651795 0.68813377 -0.93111385 -0.04795758 0.61966656 -0.73175920 -0.67348735 
-0.98717949 -0.47464039 0.19542799 -0.73652763 0.87503464 -0.63231537 -0.80045512 0.24694335 
0.80353646 -0.83306517 -0.08131611 0.93376371 -0.49041236 0.48053813 0.43027444 -0.11714935 
-0.07154633 0.87652939 -0.85412726 0.68532516 0.15417999 0.65237852 -0.87578883 -0.74936258 
0.07853603 -0.29481533 -0.87141600 0.64554914 0.05619215 -0.06138543 -0.25247197 0.64914849 
0.59440215 -0.80111417 -0.44785753 0.37048237 -0.73680247 -1.06865227 -0.63997234 0.05792210 
0.25824595 0.43401632 0.79044274 -0.59626572 0.22968229 -0.95148896 0.12824343 -0.51769018 
0.80711711 0.83823346 -0.27286892 -0.54418002 -0.23238597 0.37169171 -0.09549420 0.05382238 
-0.26858725 0.46734575 -0.92067962 0.83477185 -0.92523832 -0.62977076 0.79505850 0.12853368 
-0.78242699 0.04389530 -0.99822065 0.54028885 0.51494133 -0.14320855 0.64789105 0.37322444 
-0.38446126 0.02964750 0.66394417 -0.19361119 0.37680268 -0.69163152 0.82275503 0.75180637 
-0.78207648 0.11545860 -0.71016026 0.57903598 -0.90583329 -0.45111982 -0.74773431 0.33675547 
-0.85976614 -0.67192896 0.04706039 -0.41383260 0.19649789 -0.10992649 0.39780133 0.40852359 
-0.61576435 0.08894252 -0.77878611 -0.24472926 -0.67840667 -0.78883786 0.90316254 0.15196684 
-0.16732582 0.45094007 0.43053290 -1.07625349 0.08138076 -0.24498318 -0.77744208 -0.55637438 
-0.11606778 0.55614902 -0.62871684 0.28812760 -0.63189953 0.46874977 0.62145021 -0.95283559 
-0.25026594 -0.59078758 -0.74917382 0.62439732 -0.29820298 0.95979514 -0.31127445 -0.67623682 
0.63249464 0.62272892 -1.04120725 -0.13073508 -1.08259155 0.23699943 0.28693226 0.35134247 
