0.23204086 0.44819808 -0.17817528 0.84358041 -0.32290038 0.52829672 -0.87177740 -0.98304054 -0.48733358 0.59244387 
-0.08267051 -0.52657425 -0.37091064 -0.56889698 -0.63321248 0.03188537 -0.93461149 -0.39263897 0.23681217 -1.17466183 
-0.61075064 -0.55722964 0.38749178 0.91371569 0.56305848 -0.35992158 1.25108854 0.57828699 0.96150342 -0.33645608 
0.00719456 0.41192706 0.43989707 0.64867614 0.61937459 0.31950675 -0.07111325 0.13225852 0.15789651 -0.00179850 
-0.61607073 -0.14705496 0.34240985 -0.62746176 0.53915931 0.48434930 -0.84896173 -1.31863215 -0.17824905 -0.51774890 
-0.73794276 -0.32982187 -0.83754189 -0.02324961 0.02946403 -0.34627217 -0.22321878 -1.06581005 -0.11174011 -1.78426307 
-0.82095083 0.29657698 0.80247727 0.94468760 0.45519926 -0.03298841 1.42403452 -0.26491118 1.43240241 0.78983616 
0.31069986 -0.71536596 0.24689231 0.27102627 -0.97445063 0.58342001 -1.17238204 -1.05126740 0.19016073 0.07838307 
-0.19643426 0.21099825 0.78623835 -0.43788417 0.13456889 -0.64249328 0.05996695 -0.41177558 -1.00148321 -0.91906132 
0.92928417 -0.75992584 -0.69652819 0.54346529 0.28222129 -0.05797202 0.28236584 -1.14279970 -0.56275975 0.07209714 
0.27353347 0.60697535 0.34149061 -0.77882790 -0.91246997 0.41681413 -0.69064885 -0.20896479 0.69983515 -0.77757268 
0.69287889 -0.53465040 0.71605917 0.07183640 -0.37141940 -0.82647926 0.66472201 0.13566563 -0.17946454 0.59863963 
-0.97211641 -0.42681890 0.10640812 0.69750655 -0.31632048 0.73736776 -0.38954201 -0.50053144 -0.74642615 0.89938603 
-0.09983454 -0.67994413 1.00075097 1.02372462 0.79113110 0.41202516 -0.02355640 0.48449243 -0.13820456 0.41588626 
-0.80032847 -0.31169628 0.87920684 -0.61767690 0.71989384 0.43998715 -0.11984823 -0.28172822 1.37542852 1.55821123 
0.17515122 0.25007098 0.28118695 -0.05458660 0.24543396 1.26864042 -0.46563438 -0.36166931 -0.29352513 -0.23509699 
0.23093584 0.86303441 0.69316765 1.03465562 -0.19536426 1.34050544 0.68281742 -0.14153477 -0.23303095 0.44964111 
0.71778616 -1.04675913 -0.66378110 0.82992295 0.24432415 -0.27629942 -0.65530066 -0.13688825 -0.26790194 0.33118706 
-0.05739391 -0.00205909 0.00753422 -0.91284865 -0.04580165 0.86200400 -0.11878545 -1.06291623 0.65160617 -0.39475713 
-0.81150060 0.08859927 0.72354613 -0.40563484 0.24297354 0.62574941 -0.17120843 0.14959589 0.19049010 -1.39631354 
0.90739676 0.69970084 0.56529101 0.12230057 0.69287407 0.47152518 0.22177574 0.60226536 0.67795208 0.75129131 
0.74371707 -0.09878816 0.35278225 -0.70129149 -0.74291755 -0.59375905 0.46322102 0.30496906 -1.25170799 0.06893818 
-0.78827827 0.67698933 -0.76818494 -1.01450364 0.52041734 0.30645152 0.28286197 -1.01679368 0.55918642 -0.80625314 
0.42023053 -0.83660409 -0.75890577 -1.04779106 0.80376719 -0.56300538 -0.70524567 0.75074724 -0.08391599 -0.74925173 
-0.92156328 -0.78317148 0.84512527 0.94212588 -0.21304104 1.13488242 0.91104921 0.54481523 0.63855521 1.14681163 
-0.72835826 0.66728489 -0.23465513 -1.02514195 -0.88530816 0.21128903 -0.83272735 -0.89021486 -0.94925104 -0.48240510 
0.44073357 -0.91388387 -0.54113648 -0.71941422 -0.65237429 -0.41558436 -0.70429304 -1.46839642 -1.36458944 -0.72590352 
0.56343862 -0.95551895 0.56706718 -0.59162663 0.42481378 0.21285752 1.05255165 -0.80867174 1.01160119 -0.68349774 
-0.14128438 0.73086941 0.76421730 -0.21163132 0.28969327 0.31335367 -0.21564143 0.33799808 -0.56949503 -0.13529395 
0.88791156 -0.32260730 -0.14598536 0.18150901 1.37499179 1.39127083 1.62582546 0.18992189 0.76242353 1.37660019 
0.48951597 0.81574338 0.04404770 0.30482963 -0.66457031 -0.60802999 -0.64176587 -0.60041305 -1.15558267 0.32291069 
-0.53743638 -0.85722415 0.30015076 0.24962766 0.02641224 0.35375982 0.16426129 0.19996396 0.50922405 -0.51423554 
-0.59453855 0.89670338 -0.99074262 -0.55656493 -0.63524634 -0.91427421 -0.34008541 -0.78760799 0.86604767 0.74352290 
-0.60223303 0.76829544 0.11671497 -0.08791892 0.49984733 -0.51416521 -0.43901354 0.20558093 -0.27529597 0.38986947 
0.48360761 -0.21528134 0.74590419 0.67857295 0.73228880 0.63868740 -0.09946171 -0.64408809 -0.87246353 -0.00656915 
-0.85752573 0.46629391 0.50374614 0.52404176 -0.54257045 0.02365295 -0.52617714 -0.72108515 0.51227355 -0.34849898 
0.02665211 0.39519013 -0.60175843 0.64062534 -0.12290111 -0.59153680 -0.45650900 0.55007573 -0.31710699 0.19500196 
0.02145364 0.30932083 0.74418289 -0.18841632 -0.87498597 -0.06576798 0.81723943 -0.83973285 -0.83961532 0.07865185 
-0.14376518 -0.15560150 0.11383499 -1.01656987 0.55238184 -0.54655507 -1.04986863 -0.99303082 0.48885213 0.51675792 
-0.70124432 -0.40934725 -0.51200236 0.32550461 0.12311040 1.10053947 -0.17124820 -0.80694733 -0.51754958 -0.69843564 
-0.93312311 -0.81903707 0.86101554 -0.22352657 -0.61666410 -0.91517246 -0.69564686 0.14393636 -0.20132324 0.98678088 
0.56542320 -0.00248364 -0.72774402 0.02309828 0.80654376 0.75720574 0.59768382 -0.20929233 -1.00999276 0.16478420 
-0.89781207 -0.12621114 -0.80286706 -0.47229542 0.06570650 0.62761070 0.56588775 0.92713092 -0.39715856 -0.18066011 
0.45312106 0.47425624 -0.78534423 0.41451790 -0.70297256 0.94717739 -0.24892845 -0.97691079 -0.17769063 -0.87113577 
-0.13767903 0.92179328 -0.78417905 -0.16771191 -0.40795275 -0.09382890 -1.13604132 -1.06362755 -0.04257299 -0.24514649 
-0.74563834 -0.06939309 -0.74434410 -0.44331010 -0.81057084 -0.06775476 0.72842950 0.16859028 -0.66121058 -0.28867401 
-0.32414123 -0.14214531 1.01628243 -0.44866729 0.76284793 0.22388286 0.94244396 0.84158342 0.75542120 -0.27036834 
-0.93109075 1.03880373 0.66232757 0.09181599 0.82028239 -0.07350199 -0.65399131 0.11106366 0.28712018 0.56217772 
-0.16516680 0.68312852 0.13480955 -0.47500661 1.14689601 1.28585007 1.00274484 1.37364791 0.66818070 1.44007607 
0.66064291 0.97105559 -0.74034223 -0.45941968 0.68414279 -0.51669419 0.62613279 1.34752798 0.73958607 1.62954267 
-0.76039154 1.04739494 -0.39932475 0.15490478 0.29627693 0.01623037 0.24098412 1.32370030 0.83776702 1.06938083 
-0.56601739 0.81133171 -0.15983244 0.05060336 -0.20109419 -1.23167877 -1.07621748 -0.43927913 -1.19581376 -1.15649397 
-0.11349407 0.87583951 0.90021509 0.17847498 0.51085927 0.02511482 0.68060168 0.43009831 -1.09192897 -0.16036958 
0.34141511 0.57857289 0.05259648 0.72348022 -0.40194344 -0.74863416 -0.07683201 0.54407757 0.29767319 1.14248070 
-0.99011904 0.02803214 -1.01778481 0.66167345 0.34158163 0.30908377 0.19895373 0.24564422 -0.09320861 -1.02695170 
-0.72719724 -0.07507736 -0.67127128 1.17272431 0.05796854 1.26293123 1.33328850 0.16042455 0.05431346 1.17000851 
0.22472349 0.98976973 0.59346516 -0.65334997 0.95451876 0.69722991 1.21490633 -0.05188750 1.32044829 1.47802998 
-0.33686003 0.96540670 0.77132108 -0.21741999 -0.19344023 0.06946585 -0.58442329 0.60091236 -0.42851169 0.35000862 
0.16376047 0.54915923 0.32404595 0.36371084 0.60207949 -0.85156708 -0.39391764 0.16227218 0.08340595 0.46707216 
-0.58391742 -0.42049978 0.77525541 0.30398620 0.58089640 -0.78374997 -0.44489895 -0.25262489 0.07931077 -0.80044159 
0.18564892 0.37770944 0.27944292 -0.24127826 -0.03549312 -0.36995884 -1.24375439 -0.96789894 -0.71067940 -1.67933087 
-0.15179379 -0.85501431 -0.51572524 -0.81305260 -0.88081958 -0.27227456 -0.50318959 -0.50132413 -0.67834269 0.31108952 
-0.30280397 0.79443924 0.49534183 0.28727533 0.24306347 -0.77714531 -0.02932843 -0.59005910 0.56268835 -0.74723333 
0.02566529 0.64931915 -0.15742441 0.76824392 -0.01799459 0.35084379 0.84742529 -0.11566298 0.20017963 -0.79765391 
0.00696154 0.81323989 0.19841120 0.78453042 0.16222191 -0.92020289 0.07360858 0.17499438 -0.74302116 -0.37730990 
-0.25175867 0.51933729 -0.49287826 0.30033950 -0.60911247 -0.32552818 0.12455055 -0.54595740 -0.70542931 0.18224229 
0.29819845 0.09471192 0.46010854 0.99958706 1.21899847 0.09280847 1.01943070 1.41791611 0.22212376 0.49423819 
-0.98568524 -0.99225667 -0.70244495 0.12418993 -0.32521135 -0.41808636 0.23368087 -0.73881496 -0.37418659 0.30631609 
0.83887884 0.65667537 0.22307832 -0.81452314 0.30833882 -0.35629730 -0.89195381 0.63791129 -0.21406859 -0.62353500 
0.31562809 0.84205682 0.41507301 0.24917053 0.89380923 0.86434708 0.35568357 -0.50356751 0.40721349 -0.53936890 
0.03310559 -0.06033226 -0.58030080 0.08975886 0.70412579 0.49799728 1.17777991 1.30929437 0.54831645 1.36839830 
0.39102925 0.41976160 0.82942543 1.07399702 1.28360047 0.96017895 0.40738080 1.36196990 1.42036346 -0.11508856 
-0.62979362 0.21399548 -0.88119190 -1.03811470 -0.56916245 0.26034686 -0.51312092 0.59069316 -0.66693328 0.43178610 
-0.89951096 -0.17492235 0.16709310 -0.17180624 -0.90057807 -0.47821958 -0.21893557 0.39318905 -1.12632935 0.08074129 
-0.63497500 0.74064258 -0.51285876 -0.54724585 -0.64035571 0.60038575 -0.82821299 0.39008509 -0.26164505 -0.12067018 
0.97062125 -0.52961914 0.79289473 -0.55216318 0.52644334 -0.38638592 -0.37123192 -0.72540451 1.07297757 -0.08763390 
-0.86556814 -0.83126077 -0.74316679 -0.08719203 0.45161599 -0.50703634 -1.09998311 -0.47821668 0.33947519 -1.12703881 
-0.06696221 -0.22575118 0.41065629 -0.72661020 -0.78376594 0.40384372 0.82993378 -0.13394978 -0.04734648 0.23076698 
0.27477833 -0.17889140 -1.12827840 -1.29114779 -0.23698180 -1.15323114 0.36802097 -0.25138412 -0.60481325 -0.60213827 
0.15732274 -0.70976139 0.19432836 0.70221370 -0.46600962 -0.36756676 -0.44403948 -0.70032916 0.31784141 -0.62209941 
-0.25980765 -0.34501022 0.39907069 1.03710563 0.70272475 1.17299098 0.54732250 1.27543416 0.87017079 0.86061702 
0.67700853 -0.48522415 0.16006197 0.29233817 0.04434644 0.45562630 -1.03462875 -0.61675138 -1.08081607 -0.01956102 
-0.22286364 -0.13394736 -0.61003365 -0.45022121 -1.12262142 -0.93727031 -0.80267534 -1.14492836 -0.80377079 -0.47973633 
-0.21768179 0.34583631 1.16836572 0.54396630 -0.34172537 -0.23451941 0.09390681 0.42823680 0.38091183 0.86221084 
0.40604824 0.27492553 1.09073763 1.12810192 -0.74030210 0.82698736 -0.33024996 0.67546239 0.90712230 0.83248063 
-0.28794580 0.27530340 -0.98636429 0.43352906 0.85050358 -0.26473037 -0.66477779 -0.03467215 -1.22188296 -1.02257513 
-0.43426283 -1.00275674 0.64283875 0.84505029 -0.82149715 -0.24754333 0.60895947 -0.16461130 -0.23289847 0.63368626 
0.50609102 0.34215656 0.55269580 0.75529825 -0.43013184 -0.15715855 0.51540165 0.70016538 -0.15210663 1.15168290 
-0.09063146 0.38746510 0.41219886 -0.79327452 -0.68472673 0.41691206 0.04083439 -0.85975249 0.51245484 -0.46096825 
0.10090124 0.16603153 0.36418222 -0.13635259 1.21491314 0.46730091 0.58682901 0.51668605 0.69738941 1.26260114 
0.84072479 0.02977321 0.14105848 0.73797402 0.35752765 -0.42017717 1.37757403 0.38506612 0.34694464 0.48564812 
-0.38365977 -0.43888039 -0.62196891 -0.69652630 0.61331889 -0.24266828 0.67691773 0.30058962 0.84933707 0.64162741 
-0.30818655 0.20269164 -0.66511553 -0.39128027 0.19435134 -0.43173433 0.83485125 0.55231690 -0.38809988 0.52751673 
0.17280654 -0.11329438 0.71720990 0.48114903 0.70662924 -0.09951614 0.38145942 -0.11334591 0.71052481 -0.01430685 
0.24494226 -0.26986038 -0.98764970 0.35710584 -0.42561658 0.46403778 -0.39693531 0.70286472 -0.03879510 -1.18200222 
1.01952657 0.64648982 0.50229252 0.11006646 1.01866908 -0.29199139 1.12727113 1.17236490 -0.14054433 -0.23490824 
-0.31529705 -0.13362456 0.31419510 -0.27219324 0.52935798 1.18113818 0.30056343 -0.44499572 -0.07463787 1.33437092 
-0.36505456 0.84445545 0.18614456 -0.71023645 0.83152430 -0.04122533 -0.41674263 1.05842808 0.09593187 -0.55906260 
0.30795550 0.90781824 0.66982007 0.32647500 -0.35903551 0.11097905 -0.94725119 -0.98807512 -0.47313747 -0.39644961 
-0.35808754 -0.40543074 0.44998399 1.04403127 0.91440555 1.04752124 0.57770975 -0.49554617 0.28095651 -0.38738705 
-0.26776457 0.64666495 -0.22921865 0.48599156 0.34873018 0.56498876 0.68975445 0.15411819 -0.91966696 -0.81951163 
-0.38072007 0.29104748 -0.69047178 0.58315088 -0.14381358 -0.03597354 0.95353688 1.12071505 0.43412296 0.80844414 
-0.42838631 -0.68821851 -0.06863930 -0.79504286 -0.77966132 -1.61519611 -1.37638966 -1.22207669 -0.80426615 -1.64065381 
-0.44987334 0.25902484 -0.08765652 -0.90531734 -0.42913829 -0.48754574 -1.19652618 -0.87741643 -0.37963780 -0.20399800 
0.63770564 -0.63913822 -0.13113348 0.23365293 -0.02761853 -0.80806722 0.35101536 -0.92442453 -0.37914687 -0.87361572 
0.27159578 0.11618729 -0.61136261 -0.81837034 -0.75523314 -0.00823842 0.44123976 0.74338817 -0.34641083 0.68121167 
-0.52453623 -0.21264605 1.16783227 0.32720207 0.36350138 1.00183538 0.49057635 0.24447947 0.51067091 0.38378750 
0.30176182 -0.27447792 -0.23342698 -0.03237420 -0.82764897 0.74970225 0.92296380 0.10123935 0.32432905 0.26616306 
0.53006559 0.47192096 -0.50435451 -0.41513692 0.51377061 -0.10211569 -0.36268714 -0.35972767 0.41968059 0.44139630 
0.45491848 0.70606925 0.09908540 0.82757593 -0.13152919 0.51412634 -0.08938532 -0.70196732 0.11022632 0.98002176 
0.80465474 0.51219930 -0.27910529 -1.24075996 -1.19492387 0.38987325 -1.14676117 -1.50306320 -1.52048634 -1.66431760 
0.80170622 -0.71358173 -0.53633068 -0.49884988 -0.43674994 -1.37067329 -1.46959534 -0.77447731 -1.40700988 -1.76321852 
0.48840885 -0.88778395 0.75656262 -1.09239349 -0.48940487 -0.45825942 -0.23514394 -0.12439366 -0.18459441 0.10301050 
0.09867450 -0.68148104 -0.89869938 -0.00924946 -0.13034006 0.59418401 -0.99424000 -0.46505770 0.18523482 0.36906861 
0.60278453 -0.15029426 -1.05850126 0.64617929 -0.21033976 -1.18968420 -0.64356543 0.34200188 -0.74092860 -1.32930258 
0.25562925 0.19088845 -0.17621387 -0.77872025 -0.59265509 -0.37517587 -0.20997248 1.04702019 0.34083818 1.27018547 
0.45252530 -0.80190926 -0.04234497 0.04335796 -0.31826359 -0.45972689 -0.88603390 0.53351829 -0.56908273 0.25838783 
-0.26583875 -0.75872154 0.87924712 -0.46579050 0.68402799 0.38064972 0.43019359 0.07213719 1.30287290 0.21301807 
-0.23075325 -0.62407957 -1.05356205 -0.53734808 0.45073286 -1.29802753 -0.19144961 -0.88097258 -1.58083052 -1.50549937 
0.81559260 -0.70132930 -0.55364648 0.53649048 0.03100328 0.86827658 0.36891797 0.42711497 -0.90872411 -0.75052837 
-0.38144034 0.08168154 -0.84517318 -0.65729664 -0.58283099 -0.25849503 0.12218393 -0.52507631 -0.75735721 0.38753827 
0.11667123 -0.84736539 0.18893411 -0.41380278 -0.87452443 0.60715540 -0.08419386 -1.25506290 -0.06080700 -1.27354010 
0.55935533 0.44881538 -0.47159586 -0.35544798 0.91321391 -0.72759796 0.13911300 0.48532854 -0.59217879 0.55011670 
-0.17265273 -0.61152137 0.43310738 -0.34586346 0.39885320 1.15406998 1.15530655 1.31037541 1.03013515 0.99403019 
0.06082491 -0.92279119 0.78967571 -0.36934544 -1.20002842 -0.19944683 -0.01337147 -0.61401133 -0.52935150 -1.38034874 
-0.01917798 -0.40680395 0.32448010 -0.48377912 1.07499131 0.83315491 0.42919219 0.34337068 1.37128678 0.28995583 
0.35245400 -0.83254224 -0.22318069 0.52663854 -0.92510173 0.30394510 -0.82614107 -0.50599898 -0.91323911 -0.76281767 
-0.73221087 -0.26234485 -0.43196844 -0.85437913 -0.35690014 0.77476730 -1.14354732 -1.09222657 0.44336513 0.64208866 
-0.01265115 0.83254230 -0.29787833 0.86838627 -0.04836114 0.09988043 -0.72005579 -0.89347788 0.21016898 0.22298765 
0.69768964 0.88464042 0.69311553 0.57462777 -0.03174565 0.48527155 0.60504105 0.82772955 0.99858305 -0.43903292 
0.60494746 -0.33286571 0.67925773 0.79178574 -0.05155150 0.85692935 0.05484992 0.52741582 0.06866477 -0.02509742 
-0.09082464 -0.16883340 -0.77928592 0.88013698 -0.27973863 0.57196196 -0.45289537 0.27916259 -0.76328613 -0.36704254 
0.08352883 0.16029373 0.60026548 -0.56581496 -0.18688205 -0.49584608 0.89026238 1.07866303 -0.34615925 -0.39389693 
-0.14674459 0.41188064 -0.17957241 0.14352654 -0.53404198 0.12703502 -0.22689229 -0.37377430 1.27371457 0.73611050 
1.00823214 -0.24547147 0.65393103 -0.55288225 0.75727732 -0.77492605 1.10651179 -0.72579915 -0.24837841 0.04887472 
0.57280799 0.73695081 -0.82147736 -0.78956466 -0.30888116 -1.04103806 0.13032427 0.45631075 -0.24703024 0.02168353 
0.29479900 -0.70459879 0.30449213 -0.86542748 -0.41417896 -1.22800592 -1.28853180 0.32900722 0.47895075 -0.69603368 
-0.59370922 -0.03876703 -0.30089041 -0.30601622 -0.79056874 0.07694461 0.55636960 -0.57425444 -1.07158307 -0.86183338 
0.73225054 -0.16028274 0.00438509 0.31668023 0.53582486 -0.40356279 -0.32679028 0.07209452 -0.47930216 -0.89845348 
0.14873263 -0.78870621 0.38264094 0.38283369 -0.60234748 -0.67637900 0.21516017 -0.13123080 0.71191796 0.23276965 
-0.77910113 0.93688828 -0.87376241 0.80891683 0.91004032 -0.94808636 -0.03322657 0.10710968 0.41670766 -0.16521577 
-0.09891638 0.81837431 0.72381202 1.10501089 1.02499280 -0.43196148 0.48370266 0.85530272 0.38336706 0.64832160 
-0.76862005 -0.75714744 -1.00571973 -0.38578941 -0.79131954 -0.41175294 0.86708183 -0.66500668 -0.88461033 -0.00481571 
-0.90886794 -1.02468329 0.07111528 -0.93884359 -0.95207031 0.28551323 -1.32367844 -0.51264144 0.03600705 0.03537542 
0.83500093 0.83561205 0.55308371 0.06546263 1.10978852 -0.15415830 1.47049800 -0.03581578 0.57411665 0.66448870 
0.61722860 -0.11715215 -0.24027059 0.44367209 0.76344148 -0.85378919 0.69903139 -0.94204748 -0.77623773 0.25442638 
0.41312485 0.58226353 0.32184951 -0.17144768 0.95283848 -0.12116041 -0.28044552 0.69382746 0.95874525 -0.10824742 
0.34249277 -0.09708474 -0.29329384 0.23891717 0.43005187 0.63679807 -0.70326445 -0.12520193 0.02488379 0.48440535 
0.07597880 0.35332595 0.14619023 -0.31117470 -0.48670493 -0.58081570 -0.30920705 -0.42601698 -0.05911301 -1.69693379 
0.92465626 -0.15100141 0.31876164 -0.89942925 -0.11327880 -0.94377296 -0.88682886 -1.29684903 -1.64264405 -0.10324424 
-0.23881953 -0.13932439 -0.21322318 -0.88303296 0.85827870 -0.25733667 -0.32838022 -0.83219731 0.18995953 -0.87192947 
0.58853409 -0.11546299 -0.78375834 -0.65072682 -0.09202957 0.45485087 0.78668190 -0.76002467 0.38988378 -0.45629427 
-0.59820735 -0.35307193 -0.71920549 0.44641202 -0.10892167 -0.79677736 -0.86555514 1.03229380 -0.19842966 0.60315841 
-0.85271951 0.52633600 -0.40274351 0.27768037 0.63369208 -0.33130886 -0.17561479 0.24082357 0.83105885 0.62796241 
0.07141092 0.29579157 0.78677132 0.63554984 0.19795754 -0.89545327 0.78814978 -0.41729000 0.86987382 -0.39741145 
-0.19451886 -0.24922459 0.88455656 -0.60854532 1.01811404 0.15580888 1.24769632 -0.11254348 1.50937644 1.47179192 
0.88310000 0.47847016 0.73530663 0.48743304 -1.03003908 0.19192370 -0.29619018 0.43558233 0.86759772 -0.88965663 
0.73447320 0.63531656 -0.42228931 0.08690798 -1.13742477 -0.18339921 -1.17159801 -1.36681508 -0.60264989 -0.54140699 
-0.34364932 0.39627067 0.55730672 -0.12582056 1.27174953 0.36734336 1.11126088 1.00273300 0.87447787 0.94869567 
-0.49983309 -0.56094790 -0.05749414 -0.69319884 -0.46752258 -0.01002155 0.75646893 1.05638536 0.23221081 0.69514884 
-0.51930108 -0.54466448 0.00939556 0.12147837 -0.13595976 0.69623865 0.78318378 -0.08833653 0.11084146 -0.45709542 
-0.40905602 0.81264266 0.37145456 1.09754065 0.04508713 -0.10348174 0.14150637 1.20977859 0.51824045 1.53301493 
-0.58091184 0.08119995 -0.09321641 0.46566365 -0.86793584 -0.24977864 0.56927613 -0.30305098 0.11906125 -1.12329875 
0.86237389 0.30708098 -0.14227631 -0.04282003 0.26412454 0.32638951 0.23326171 -0.00707243 -0.06093379 -0.55064206 
-0.57540348 0.84204865 0.62492530 0.01562950 -0.23782630 0.45547525 0.88328467 0.86423458 0.45957431 0.87847109 
0.33800635 0.54590625 0.81735775 0.31197508 0.75055397 0.55712606 0.92852803 -0.70042771 -0.35810120 0.95581884 
-0.86844522 -0.95341774 0.88589697 0.87850142 0.15346020 0.05821511 0.39192618 1.13337189 1.12158859 0.23167796 
0.09548868 0.64701453 0.55780653 -0.11264254 -0.10397147 -0.66177066 -0.49265693 -0.70217432 -0.48004499 0.72678216 
-0.26294220 0.34049262 0.84225971 0.23388286 -0.64655832 -0.67499827 -0.72331230 -0.06983287 -0.71970461 -0.75936904 
-0.36346615 1.05370779 -0.42384776 0.05897252 0.76180458 0.67727154 0.53277716 0.58639344 0.66428602 -0.28520397 
-0.87945833 -0.53819224 0.73474193 0.01252726 -0.08714536 -0.64531843 0.12464228 -0.30122075 -0.15937841 -0.44497366 
0.18735654 -0.31724155 -0.28553369 0.79465859 0.28376221 -0.34111946 0.81961360 -0.17799923 -0.55232660 0.16271041 
0.93548122 -0.46912772 -0.85648208 0.80685012 0.82462202 -0.57254694 -0.29172147 -0.81104682 0.89815784 0.70978550 
0.27835177 0.58979329 0.62276733 0.34876980 0.64270052 -0.00335846 0.72608733 0.39634639 0.14958133 -0.50374433 
-0.54497434 0.26491213 -0.55991918 0.30903326 0.55919627 0.45390195 -0.58106134 0.46061735 0.38744351 -0.35431796 
0.81271337 0.58379493 0.23542732 -0.74927022 -1.06696540 -0.59684520 -0.89425810 -0.45709006 -1.22456966 -1.60288306 
-0.28638206 0.46389282 -0.49634017 0.78128142 0.57569281 -0.17795971 -0.14062910 -0.26158491 -1.04201139 -1.30232789 
0.95426178 -0.81074235 -0.09704288 -0.92219443 -0.90728017 0.69106171 0.68957332 0.13934705 0.21032801 0.82012064 
-0.26071196 -0.54009028 -0.32183369 -0.18462360 -0.32562632 1.17982115 0.32934043 0.72126232 0.39767215 0.37605715 
-0.14362097 -0.15438920 -0.73423756 0.09105522 -0.80089175 0.62543779 -0.09493225 0.11451737 -0.65902539 -0.11195533 
-0.25938655 -0.04727830 -0.63291476 0.48494145 0.24394236 -0.35620219 1.02198292 0.54674166 -0.06436767 0.99869130 
0.17622656 0.00120023 0.53141607 -0.49545420 -0.21977601 1.16202078 0.42122043 0.40853183 -0.00678335 1.80015789 
-0.42707370 -0.43091343 -0.26138265 -0.31149289 -0.74942668 -0.43433802 0.25973822 -0.52414755 -0.04597221 0.89022869 
0.58294186 0.96145992 0.66008004 -0.19003969 -1.02681610 -0.13479171 -0.17241935 0.85344355 -1.03842461 0.30555819 
-0.55876255 -0.71680376 0.49105673 0.92171998 0.42365932 -0.54279855 -0.36322307 -0.77768580 0.95281985 -0.46170842 
-0.14033943 0.23224768 -0.90036002 -1.22961175 -1.01588808 0.06185561 -0.96897965 -0.16437167 -0.09562840 0.23547008 
-0.48586171 0.27219604 -0.70960680 -0.64508308 0.43176933 0.51332838 0.58208036 0.23007915 0.35994164 0.91773707 
-0.71459208 0.39966978 0.55096636 -0.57014733 0.33364955 1.09168423 -0.28657921 1.13545332 0.89454664 -0.45267346 
-0.89764754 -0.43369463 -0.47098847 0.95509368 0.35660307 -0.25359344 -0.42279761 1.16790416 1.28080399 0.85375288 
-0.43831314 0.22573047 -0.70717938 0.26018762 -1.12227439 -1.05365237 -0.94979749 -1.25253707 -0.46442947 -1.04955122 
0.31930390 0.49323439 0.03955463 0.85100117 0.24573572 -0.54564225 0.26867382 -0.72914042 -0.52265302 0.67488789 
-0.93218895 0.27915666 0.58386379 -0.17803447 -0.14066856 -0.36486637 -0.21746599 1.17544878 -0.47165902 0.18311465 
-0.63162063 0.54252644 -0.14808472 0.87503030 -0.04304388 0.66452518 0.40869931 1.10437434 1.30378863 -0.08997554 
0.38738543 -0.78008593 -0.79698925 0.78500014 -0.30607471 -0.33090516 0.15530739 -0.43755860 0.66480508 0.87808690 
0.76698760 -0.53224621 0.42366440 0.18607668 0.25690479 -0.39953443 -0.42338534 -0.37718327 0.40371023 -1.02459051 
0.10943016 -0.76367118 0.78525081 -1.13530807 0.27626742 -1.19334727 0.58723854 -0.84189428 -0.52903559 -1.36574552 
0.00386186 0.61302617 0.77932863 0.78675749 0.30951908 -0.41745085 0.48790538 -1.08493554 -0.42405167 0.12424053 
-0.77859289 -0.61533146 -0.67369933 0.99759420 0.73759856 0.95993571 0.17913049 -0.43469305 0.06069326 -0.72855354 
0.46693710 -0.25871560 0.35692797 -0.44911819 0.13604937 -0.17686124 0.91159558 -0.59694397 -0.67516678 -0.67750517 
-0.99274816 -0.67998657 -0.85466068 -0.90451630 0.12951178 -0.64984274 0.43866139 -0.39399145 0.38972216 -0.31932772 
0.64731838 0.19357242 -0.79425775 0.89101936 0.16425408 -0.14732551 0.38080761 -0.88990969 0.19081404 0.64186989 
0.43350768 -0.43028467 0.87981880 0.83108439 0.68797747 -0.74232170 0.52950235 0.24506388 -0.76639060 -0.35425388 
-0.92922899 -1.04249930 0.68972328 -1.09982153 -0.82091561 -0.96413512 0.25416589 0.21186937 -1.44490324 -0.76345661 
0.90968998 0.70088194 0.28124719 1.08053196 0.64348202 0.37044942 0.99203516 -0.55542763 -0.39642652 0.06676468 
-1.01974816 -1.02878337 -0.37080236 -1.04279961 -1.49692074 -1.29292062 -1.71216454 -1.44527578 -1.39464190 -1.99421252 
0.18421781 -0.26223830 -0.34073735 0.19950669 -0.40119489 -1.16013798 -1.15342585 -1.08457605 0.36917908 -0.35476668 
0.72018981 -0.35876330 0.28699760 0.30544409 0.61008915 -1.27819581 -0.03051898 -0.94365241 -1.06776770 -0.34843662 
-0.13214225 0.87969998 0.64201432 -0.91025228 -0.47680200 -0.96172924 -0.28225860 -0.62780133 -1.37585519 -0.99481558 
0.62527020 -0.82306065 -0.00829385 0.64144822 -0.84168124 0.13126750 0.35034725 -0.75737850 0.49477574 -0.28232174 
-0.52263103 0.41574856 -0.79158982 0.83653455 0.17618692 -0.63660666 0.56623437 -1.13524611 -0.12947113 -0.76505066 
-0.89056698 -0.35494406 -0.66809486 0.69274875 0.68564231 -0.53722156 0.09018814 1.13151232 -0.47503167 0.62137489 
0.23483661 0.69060432 -0.58414271 -0.00357328 -0.37176631 -0.06909227 -0.35609354 -1.08206885 -0.73564082 0.57945632 
-0.97714304 0.31124621 -1.20006694 0.18287300 -0.00656225 -0.47372499 -1.56908189 -1.16408606 -1.72551760 -1.89314737 
0.83734272 -0.35958404 0.61874308 -0.39679042 -0.18771540 0.03489475 0.51173093 -0.69744350 -0.16120155 -0.00609611 
0.37746438 0.10341206 -1.07092111 -0.14893075 -0.38297568 -0.10651291 -0.32964143 -0.34939317 -0.98661964 -1.44757079 
0.48732973 0.52687094 -0.79539064 0.08587142 0.35721269 0.95254593 -0.70126057 -0.96119538 0.50520255 -0.55203908 
-0.03823173 -0.09610190 -0.73147482 0.31335760 0.80350784 1.01437005 1.36927168 0.66795896 -0.41413702 -0.01845255 
-0.75198278 -0.27332330 -0.20966102 -1.01753286 0.04429682 -0.09580758 -1.26143959 0.01621003 -1.26896975 -1.20777702 
-1.00313496 0.18026950 -0.06380666 -0.19640419 -0.30001329 -0.28300430 -0.35214641 0.02841502 -1.62083252 -0.05519928 
0.30184852 0.21811487 0.29736070 0.05114616 -0.21773225 -0.60814488 0.38933852 0.37180952 0.12510173 -0.14354097 
0.62583798 -0.47410389 0.25211089 -0.00173991 -0.27187782 -0.26000306 1.16289674 -0.56512499 0.56341250 -0.26097740 
0.97037462 1.01559192 0.05573161 0.98387713 0.67286202 -0.87895740 -0.64239129 0.66163167 1.00393948 0.77529195 
0.00849673 0.63747486 -0.87489884 -0.04781728 -0.81301705 -0.78848786 0.84058894 0.98707938 0.41079351 0.36476561 
-0.81423614 -0.77851613 1.07472377 0.39951003 0.51746987 0.11964856 -0.20513657 0.93446252 0.77566893 1.26566629 
0.96788109 -0.53380096 0.34643334 0.56376747 0.37317482 -0.34868085 -0.00737341 1.11049194 1.27019288 0.79002536 
0.01139464 0.22396094 -0.98527847 0.25502903 0.76530771 -0.03232073 0.42765220 -0.12973215 -0.24194903 0.76200162 
0.70010822 0.07764417 -0.75512104 0.52857912 -0.05099541 0.59592622 -0.85207555 -0.17902287 -0.57688232 0.13415188 
-0.62363429 -0.71786842 0.33428192 -1.11686025 0.39212512 -0.02266706 -0.15014817 0.35647777 0.16742687 -1.44972114 
0.83800605 0.09934996 0.29353896 0.45067113 0.25490546 -0.84722066 -0.73140486 -1.32800034 -1.34205488 0.41561912 
0.07083048 0.70545274 0.27050305 0.59036120 -0.06990876 -0.80724667 -0.17145669 -0.83453907 -0.84371143 -0.74705572 
-0.40501724 0.63176244 1.04932224 0.59226250 0.79361702 1.09216696 -0.29799957 -0.49093502 0.91323019 1.07971415 
-0.86608688 0.05640915 0.59200912 -0.69336797 -0.85494810 0.80328619 0.90958169 -0.33434102 -0.48833387 0.33671903 
-0.74846688 -0.01151741 0.75979275 0.30486311 -0.91949932 -0.07571320 -0.08292125 -0.90182684 -1.49097281 0.01778889 
-1.00135846 -0.91492470 -0.76178387 0.94390987 0.80636350 -0.43081606 0.67774908 -1.00026284 0.04753666 0.05206356 
-0.09048227 -0.14106285 -0.08452743 -0.34872081 -0.72058730 0.59143584 -0.00480111 -0.89923643 -0.67424360 0.03369595 
-0.39723412 -0.68482899 0.23866979 0.28324948 0.14047120 0.68912227 0.19582801 -0.15597538 0.90505723 0.92160185 
0.87964143 -0.34680579 1.04208764 0.93004397 -0.05051611 -0.78477072 0.46937305 1.03657869 0.40063198 0.30570453 
-0.72697887 0.66723004 0.17602278 -0.50146791 0.07704661 -0.32125034 -0.23520180 0.05643200 1.00389845 -0.13576890 
0.13738374 0.92421901 -0.81731594 0.45086985 -0.55095700 0.02554755 -0.35408733 0.68274921 0.21832420 -0.85416888 
0.16086412 0.31892632 0.02423963 0.36584815 -0.60354793 -0.59013278 0.03336890 -0.28536331 -0.76953571 -0.28092219 
0.27857221 0.77328750 -0.69901296 0.36590602 -0.75603767 -0.42509539 -0.95136637 0.81499601 -0.75798406 0.47045089 
0.44159806 0.94659213 -0.41744762 -0.04364454 -0.97761059 -0.33548783 0.70954477 0.35381265 -0.62796740 -0.07325195 
0.65360473 -0.94912629 -0.34694994 -0.71472508 0.06995523 -0.09734423 -0.49047713 0.01349666 0.62204008 -0.43607799 
-0.34753340 -0.36886954 -0.74596464 -0.67020788 -0.80299736 0.16889644 -1.17184543 -0.13391736 -0.46564489 -0.99184018 
0.85456106 -0.19272216 -0.41734674 -0.35591707 0.85275614 -0.43854694 -0.23035101 -0.12023232 -0.81027258 -0.90334257 
-0.64889813 0.04526276 -1.19946896 -0.43690754 0.46973543 -0.92885472 -0.35540252 -1.17351467 -1.13810633 -1.10738908 
0.25071535 -0.02203680 0.67212017 -0.64799447 -1.20585620 -0.44933338 -1.32887947 -1.10639198 -0.85516187 0.42385251 
-0.59665535 -0.92810724 -0.58164236 0.61647087 0.26793192 0.53217443 0.11938796 -0.89419653 -0.09226866 -0.95898214 
-0.87551094 -0.22100636 -0.91828854 -0.82487287 -0.12786838 1.03938219 -0.51941179 -0.17550521 0.63453894 1.07515985 
0.68484416 0.72837596 -0.30925845 0.62561695 -0.43589593 0.83764011 -0.51604905 0.96345611 1.38606834 -0.28870146 
-0.05830898 0.11457399 0.45302062 -0.29288360 -0.34734370 -0.94229813 0.83313652 -0.98032554 0.60248439 0.11508238 
-0.83080422 0.04822971 -0.60654053 1.16110388 0.51340107 0.64620308 -0.10411240 0.72247839 0.40311302 0.76214248 
-0.55721499 -0.22306715 0.67776998 0.99035407 -0.04673367 0.07218948 0.42023366 0.89395670 -0.70781577 0.44863420 
-0.47930645 0.31818588 1.07846665 0.79378148 -0.54712440 -0.04910505 0.76867342 0.67946851 1.49936072 1.75067251 
-0.06823224 0.28970596 0.66186706 0.46516636 1.11934056 0.89374024 0.96459702 0.29956059 0.41782758 1.50348007 
0.47377760 0.47688978 -0.17790938 -0.14026724 0.57583766 0.80402039 1.11730624 0.25613701 -0.67254278 0.76282989 
0.08784476 0.82522895 0.97660661 0.87569212 0.74121404 -0.00358842 0.00369842 0.91588816 0.53269848 0.34149313 
0.24944473 0.50436184 -0.32543467 -0.62987869 0.27521557 0.73165502 -0.56586450 -0.66135690 0.09198030 -0.55805474 
-0.70213934 -0.95191113 -0.77345563 0.73370093 -0.34661841 0.14737424 -0.88569676 -0.47355052 -0.51112157 -1.45407349 
-0.86643533 0.62034202 -0.60852453 0.84472512 1.06224670 0.80581001 -0.11057197 0.29155373 0.15049837 0.62148747 
-0.26227358 0.80636086 0.01209483 -0.87459154 -1.17881460 -1.08718650 -0.65667573 -0.56668432 -1.60878644 -1.57579855 
0.15480288 -0.10190948 -0.37976787 -1.01731048 0.20382733 -0.10955910 -0.29756112 -0.53198945 -1.05012944 -0.95848307 
0.67189399 0.80172434 -0.96670753 0.06123482 -0.19117540 -1.03776294 -0.28844002 -0.40403115 0.16358991 -1.11794087 
-0.92268445 0.79310374 -0.78485997 -0.64990037 -0.66410750 0.98052154 -0.70252777 0.79379377 0.53044194 0.68405360 
0.41153156 0.16660693 0.47779320 0.33011190 -0.12572894 -0.77467491 -0.00389690 0.18341228 0.04363748 -1.22110527 
-0.13545019 0.40184784 0.00536023 0.78486469 -0.14592871 -0.10700505 0.66380889 -0.64750776 -0.41280285 0.33309521 
-0.46475000 0.97427204 -0.82740039 -1.00713561 -0.68247938 0.50263723 0.72234389 0.25104484 -0.58834226 0.30900597 
-0.75563178 0.47598170 -0.68450602 -0.64938786 0.71038992 -0.34751598 1.36911068 0.88147755 0.87243233 0.27488991 
0.07971818 0.35134495 0.63532495 0.75480046 0.30088050 -0.11984491 0.48763314 1.07829095 1.36944773 0.36144793 
-0.77548122 0.85578521 -0.89286121 0.39217483 0.45090391 1.03753884 0.52371358 0.68944634 0.30112025 0.07391849 
-0.97090574 -0.83240773 0.43521990 0.08251985 -0.76029549 -1.05274424 -0.14185381 -1.23640300 -1.01069399 -1.22635619 
0.66312417 -0.88936569 0.84021364 0.31311499 0.92642648 0.93546112 -0.33992590 -0.69201895 -0.24146287 -0.71863588 
-0.85400952 -0.84138577 0.32474478 0.42636058 0.07133055 -0.94643976 0.64898854 -0.27193107 -1.22943393 -0.68312784 
-0.10762446 -0.22129891 -0.47098101 0.33604160 -0.88890901 -1.21968659 -0.39969277 -0.59064654 0.15541318 0.23805565 
-0.88699913 0.69852727 0.91496037 0.79815341 -0.66932712 0.50086096 -0.84924789 -0.53188973 0.80065886 0.90512734 
-0.89153195 0.36121446 -0.59855294 -0.10153699 0.49114440 0.57120503 -0.45937726 0.28216203 -0.48229888 -0.75747383 
-0.19366174 0.60401849 -0.71880599 -0.03058157 1.05538215 0.75501913 1.07590831 -0.49283798 0.44127257 0.28065404 
-0.50850734 -0.18667853 -0.63056704 -0.36560087 -0.04483685 -0.21285152 -1.01683157 0.05276995 -0.87061844 0.31646790 
0.06241644 -0.60703743 -0.45884764 -0.65901250 -0.09573042 -1.06256781 -0.18503744 -0.65447682 -0.00026244 -0.61515776 
-0.96379803 -0.33667795 0.44673371 -0.32413453 -0.05284378 0.67195019 -0.15076328 -0.06950932 0.52433569 -0.31297765 
0.89334944 -0.13750252 0.72565531 0.71704293 0.61108018 -0.45352591 1.20386974 1.25341689 1.61343010 0.87643027 
0.42155449 -0.93247100 0.90081376 0.31897200 -0.28752226 0.64345389 0.74131305 -0.53143951 -0.81031012 0.22677219 
-0.77483799 0.54836213 -0.98752213 -0.17246327 0.06977809 -0.82774932 -1.38006642 0.18131023 -0.43052205 -0.40198955 
-0.45887208 0.55289779 1.08423848 0.31736305 -0.35487249 -0.41155709 -0.02101496 0.89800671 -0.07369175 -0.32686693 
-0.84667342 0.69207571 -0.04160972 -0.26180291 -1.05562706 -0.85486698 -0.75467167 -0.42582054 -0.92533332 -1.53147777 
0.66985339 -1.01790996 -0.21670988 -0.59563454 -1.05526444 0.85046705 -0.15560734 0.23930866 -0.58521430 -0.58741612 
-0.84927185 0.51005164 -0.02870033 -0.54394962 0.68098806 -0.82635509 0.23773879 -0.60614935 1.08583721 1.06655867 
0.74141030 0.15277258 0.52943975 0.28515816 0.12435388 1.41379851 1.10717874 0.31251850 1.45808658 0.42365558 
-0.90735770 -0.48146334 0.30588836 0.91118146 -0.08244068 -0.99385396 -1.08897128 -0.10682126 -0.43942697 0.36855852 
-0.41794933 0.41441944 0.62622659 0.67307444 -0.59351555 -0.16968789 -0.13117418 -0.79591183 -0.90836778 -0.27842785 
0.76810900 -0.28641872 0.52494302 -0.68342896 -0.11418356 0.37475020 -1.05147217 0.11676079 -0.38523860 -1.20878111 
-0.21062560 -0.45135400 0.46347603 -0.89071980 -1.12743553 -1.26922682 -0.41607224 -0.33602039 -0.71206544 -1.03761577 
-0.59274422 -0.71973898 0.47910099 0.65395188 1.19215289 0.54400320 0.72432927 -0.55414498 -0.10386537 0.75491662 
-0.64162618 -1.05177078 -0.44351945 -0.89511719 -0.88748719 -0.88089711 -0.58519397 -0.75290227 -1.22882242 -1.36197366 
-0.77467645 -0.33863275 0.18999804 -0.47707420 -0.09375025 0.80831997 -0.76796163 0.31138050 0.91914849 0.67583781 
0.69408376 0.33137812 0.60632345 -0.53034980 0.00579546 -0.26846161 -0.41536719 0.55859035 0.67903163 0.73247033 
0.52555008 -0.56159726 0.30215709 0.05683335 -0.94575537 0.15107139 -0.84255935 0.02340855 -0.54612495 0.13901799 
-0.55720944 0.18555659 0.26730371 -0.27673596 0.18378096 0.54759881 -0.01837186 0.21531033 -0.69370742 0.70354308 
-0.01866091 0.76127956 -0.49623564 0.88125555 -0.00001436 0.84028057 0.10208223 0.23262377 -0.35993840 -0.03570600 
-0.92135509 -0.58820136 0.56732692 0.16597215 0.44121397 0.44971594 -0.49275986 -0.83925144 0.09137801 -0.59409214 
-0.36704645 0.96698842 0.64540844 0.22792732 0.91056040 0.65275258 1.37719431 -0.37383439 1.33680397 0.02369105 
0.29585696 -0.84665041 0.05241405 -0.87785314 -0.14120112 -0.38044119 0.15788233 0.63560616 -0.77831653 -1.19811381 
0.64481558 -0.24781245 0.46519461 -0.62934506 -0.63296461 -0.27805994 -0.18559035 0.54791798 -1.09881347 -1.15549974 
0.55916671 -0.39521562 0.13877717 0.26532144 -0.99678470 -0.53828002 0.32121714 0.32805948 0.31610240 -0.46196480 
0.46443357 -0.50088157 0.27914567 0.26699636 -0.25411373 0.71936025 0.39586333 -0.63267013 0.83612146 -0.96518364 
-0.18901678 -0.79711716 0.70270805 0.97417972 1.13484828 -0.20964644 1.07835749 0.21145486 1.34540774 -0.04659828 
-0.72373916 0.56324939 -0.72626127 -0.18394370 -0.36062134 0.92766319 1.42355488 0.95813340 -0.18290436 1.73157333 
-0.25207292 0.16249237 0.71787419 -0.86801920 -0.67629337 -0.31856013 0.51129664 0.09640030 -0.15766491 -1.04159163 
-0.96364414 -1.08917664 -0.52312459 -0.30196549 -1.32472037 -0.54707062 0.21479796 -0.60381418 -1.72348351 -0.20836214 
-0.55444624 0.35189399 0.75020897 -0.37216532 -0.73454723 -0.18375041 -0.54927721 -1.24957880 -0.91419617 -0.64109419 
-0.67183825 0.41129345 1.10783996 0.04713571 0.84996529 0.51315726 1.10900410 0.81767143 0.93944874 -0.31874928 
-0.05252264 -0.21786602 -0.15975597 0.14716739 -0.72960099 -0.57351783 0.39464783 -0.98929801 -0.08278563 -0.21610504 
0.37370337 -0.45042490 -0.51078247 0.02624811 0.67768963 0.61886596 -0.21423407 -0.82352756 0.20772049 -0.29196903 
0.32036686 -0.33848315 -0.68919766 -0.29680045 -0.25842748 0.59088330 0.12293871 0.24094197 -0.02580099 0.41223473 
-0.16424384 -0.28047317 0.16224326 0.31133069 0.55347512 0.44079293 -0.50028602 -0.27924647 -0.00867567 -0.51286695 
-0.85366660 0.71020782 0.68679116 -0.21218118 -0.60792870 1.09662508 0.20248243 0.35136323 0.22433305 0.11154473 
0.36697731 0.46239083 -0.70740402 0.97451952 0.48931166 0.90444466 0.35359699 1.34201300 0.82288070 0.90714705 
-0.72149963 0.95577830 -0.81072994 0.41918245 -0.14217052 0.45333710 -0.13300283 -0.11954709 -0.39746548 0.73758642 
0.64456470 -0.58649860 -0.06387028 -0.01976932 0.26040072 0.68223138 0.38167764 -0.12078094 0.08716260 0.56394509 
0.27798790 -0.54652296 0.20904493 0.62945703 0.11249020 1.02631441 0.06946319 0.97014786 0.83862086 0.57087288 
0.23356260 0.07585012 0.45074903 -0.57594396 -0.88329330 -1.38333620 0.34187015 -0.43937414 -1.63400984 -1.65162515 
0.24641391 -0.78680789 0.87720181 0.02666708 -0.65253009 0.12170390 0.37924727 0.10066832 -0.76177051 -0.71147645 
0.94703390 0.74405060 -0.42192875 0.62999719 -0.06953313 -0.81646367 -1.34747957 -1.19152860 0.26415618 -1.29150316 
-0.57175102 -0.34320989 0.10708099 0.10761760 -0.89227607 -0.11346733 -0.16149506 -0.02796672 0.13048706 0.22748380 
0.58170816 -0.65575670 -0.68833732 0.63250314 -0.18125290 0.60553798 0.57427257 -0.79058635 -0.07197301 0.56635922 
0.77183590 0.40093780 0.36460728 -0.35298851 0.06529597 -0.91811747 -0.03283275 -0.60125623 -0.87868805 -0.05616590 
0.05047904 -0.53013778 0.99878167 0.82160190 0.63148200 -0.80483625 0.15726580 -0.31414627 -0.15539849 -0.07941759 
0.65640542 0.26491792 0.80162188 -0.72741438 -0.70926959 -0.10943075 0.70903403 0.20560113 -0.71722541 0.48540648 
-0.96392458 -0.46149410 -0.13565770 0.05948487 0.35025279 -1.16389484 -0.26799811 0.40528190 0.54071440 -1.01669724 
1.03336326 0.74573034 -0.66701153 -0.28348761 0.86659678 0.65129407 0.95562269 0.91687202 0.25230511 1.42329677 
-0.66063859 0.60048243 0.45494334 0.60014106 0.08207729 0.09214301 -0.58470342 -0.23040011 -0.23207147 -1.40169244 
-0.05925667 -0.37943437 -0.44436542 -0.88602377 -0.59868311 0.21962956 -0.13517764 -0.67625975 -1.19531744 -0.80190081 
-0.16361490 -0.46066392 0.13255676 -0.18827760 0.55725821 0.42929506 -0.35921050 -0.46290053 0.20378375 -0.11209039 
0.52524924 -0.39338343 0.83651569 -0.82434024 0.57091883 -0.31458820 -0.65478546 -0.78513698 0.02876461 0.24970870 
0.45094260 -0.69469445 0.71192235 -0.27274529 -0.92354118 -0.14942402 0.04078467 0.06423235 0.30986261 -0.34188883 
-0.77029725 -0.70325688 0.17592201 0.81360366 -0.24923148 -0.68954365 0.20311788 -0.78116915 0.14654819 -0.00429714 
-0.73853244 -0.10518066 0.39316459 -0.50781185 0.59754480 0.63295268 0.48634683 0.35993291 0.09739809 -0.14106383 
0.35110767 0.48074237 0.57817109 -0.51543393 0.31664024 -0.31470882 0.37368022 0.67799223 -0.34993771 1.20010487 
0.59501757 0.86128371 0.80441500 -0.35047582 -0.62721863 -0.01817187 0.35952414 -0.55054399 0.20185590 -0.53091513 
0.30033761 -0.34221252 -0.88820653 0.29241752 -0.89312381 -0.21961530 -1.20036165 -0.96023210 -1.14014636 -0.72079190 
-0.73171586 -0.87498736 0.29540829 -0.22459515 0.66672746 0.58373692 0.65390914 0.57957544 0.91119692 1.44406800 
0.72417515 0.79071543 -0.54466165 0.90897739 1.07122647 -0.03573644 1.02016796 -0.54163851 0.00923312 0.60314845 
-0.43889468 -0.68794694 -0.49817644 0.38455088 0.97559359 0.61722219 0.99468578 0.41793723 -0.02886427 0.88570066 
0.39301782 0.81534404 -0.98571824 -0.40437801 0.75909821 -0.83360904 -1.10522502 0.36117556 0.03508725 -0.28295035 
-0.93955570 0.81680440 -0.76365743 0.26755586 1.19556155 -0.70354916 -0.11841301 -0.21792605 -0.34577702 0.58366568 
-0.96003692 -0.73454855 -0.97512580 -0.04244708 0.17646550 0.26240811 0.48703335 -0.86692743 -0.92093601 0.66230705 
-0.05200689 0.54098253 0.35112094 0.46992661 -0.16800762 -0.73910258 0.07201172 0.54354722 0.22656338 0.05460634 
-0.38822390 -0.65890536 -0.45022454 1.05330891 0.31518260 -0.51363275 0.08604945 -0.65148495 -0.19652604 0.73787903 
-0.65265302 0.66521016 0.89804713 -0.14512013 0.05136286 -0.42144114 -0.11252331 -0.39211507 0.64170970 -0.09959678 
-0.09389672 0.29836674 -0.19653259 0.21299870 -0.92247885 0.03548874 -0.67311181 -0.59089373 0.47550791 -0.48745033 
0.88165376 0.41756791 0.24496441 -0.10803392 0.04662015 -0.97205353 0.39880412 -1.50343494 -1.49248203 -0.86160335 
0.95893834 0.91895711 -0.72687019 0.50200266 0.50881055 0.21391600 -0.90543095 0.48593250 -0.20783720 -0.06589863 
0.19224039 0.31158049 0.33772149 1.19527490 1.16229871 0.30600334 1.31280288 0.73657394 1.65747579 -0.02873629 
0.89954634 0.70148199 -0.91018306 0.21034601 0.40615711 -1.26758852 -0.46595392 -1.20585658 -0.08646125 -0.98155807 
0.92524502 -0.49671941 -0.12977498 0.42031553 -0.09757834 -1.48058902 -0.90017494 -1.32220880 -0.78256239 0.04428343 
-0.02282873 -0.21360498 -0.04313631 -0.61496014 0.65831641 0.20361901 -0.23196485 -0.60700671 -0.55128820 -0.84460364 
0.64018651 -0.31637512 1.02033451 1.00934873 -0.56900130 -0.19149336 -0.53187693 -0.53704380 -0.23901466 0.18283539 
-0.60128977 0.86291529 0.65899931 -0.22035191 0.32034089 -0.11674086 -0.97282420 0.42648397 -0.87918842 -1.25001573 
0.06992924 -0.72300545 0.72746502 -0.01261613 -1.10512454 -0.18493684 -1.03277079 0.03591850 -0.67812678 -0.61013763 
-0.77513299 -0.76742608 -0.27032504 -0.97373382 -0.66449069 1.01671289 0.79546725 0.50696869 0.98666109 0.06312211 
-0.71231807 0.79827230 -0.14476011 -0.02674837 0.24641273 0.21054299 -0.01323005 0.79076788 1.00923520 0.48891847 
0.98417556 1.00560940 -0.64728885 0.66987588 0.36779672 -0.51806203 0.56102014 1.19869273 0.99681119 -0.41993228 
-0.44810575 0.53558211 0.22814922 0.99574488 -0.25790979 -0.78005990 0.10007438 0.94653438 0.09607735 0.91524458 
0.94987943 0.29602599 0.42146395 0.49812149 0.23804852 -0.39989982 0.44362022 0.02171111 -0.40382067 1.09236198 
0.34757212 -0.87871201 -0.13328279 -0.58641147 0.32704858 0.74549590 0.87640377 -0.87076430 0.71315846 -0.06846112 
-0.01553849 -0.44419615 0.76233020 0.33988522 -0.12400903 -0.48522510 -0.30528419 -0.18963253 1.16101391 -0.11896354 
-0.26500799 -0.93277544 -0.48090998 0.35716100 -0.12807986 0.85861319 -0.26208454 0.99810161 1.13616635 -0.26610495 
-0.07849337 -0.59831140 0.04046581 -0.23530277 0.36720817 -0.62326351 -0.60772288 -0.96940466 -0.71824332 -0.56269103 
-0.07994780 0.15096932 -0.61112376 0.83163594 -1.02996406 0.68159356 -0.29770764 -1.13049828 0.17174603 -0.12003873 
-0.27251015 -0.94921330 0.89017245 0.03714982 0.06648292 -0.31087720 0.56904493 0.84619211 -0.18765992 -0.33103222 
0.27164244 0.34486384 -0.77360816 -0.66346053 -0.85862661 0.05917227 0.32156513 -0.90777417 -0.50311526 0.50094514 
0.60049772 -0.59047954 0.68113951 0.25134295 1.25804503 0.79510030 1.32336303 0.42297091 0.71959725 1.75687536 
-0.49060598 0.32850061 -0.28861011 -0.72661270 -0.95941760 -0.03095445 0.99071735 -0.87182359 0.93834178 0.55555346 
-0.88330211 0.69379092 -0.24091885 -0.39879715 0.18912672 -0.16433174 -0.55229187 -0.98556527 0.36434455 0.13423728 
-0.12510480 0.72973440 -0.80266444 0.43785491 0.01018629 0.52586396 -0.31454787 -0.20819298 0.32314019 1.11507721 
0.43950483 -0.65632213 -0.84166965 0.26672750 -0.42495159 -0.21432733 -0.99960224 -1.05340061 -0.54270427 -0.29698345 
0.87808404 0.66944306 1.09840013 -0.76546241 0.17645773 0.58624806 0.83964317 0.21281417 1.19035860 0.41548392 
-0.47214716 0.58726964 0.40722747 -1.40377141 -0.24453252 -0.42792559 -0.46392407 -1.33577705 -1.41489806 -2.07670302 
-0.64981336 -0.01879722 0.86587895 -0.24002254 -0.34903534 -0.35107571 0.06299918 0.17543578 0.97869054 0.98484159 
0.45291793 0.80861520 -0.90641867 0.31087258 -0.58543251 -0.36677270 -0.35197867 -0.98166002 -0.67094646 -1.41145833 
-0.32418649 -0.73541609 -0.68110644 -0.55475600 0.51735718 -0.15709989 0.52892108 -0.05825798 -1.01870841 -0.39060561 
0.64529839 -0.61153706 -0.94219654 0.43841225 -0.70932760 -0.85645006 -0.72158515 -1.41987519 -0.23154152 -0.63828951 
-0.47141563 0.76257036 -0.76844186 -0.69955640 0.05488983 -0.44824524 -1.16010923 -0.29339582 -1.06355302 -1.04641191 
-0.18601116 0.14504991 -0.80927820 -0.84524916 -0.56753759 -0.47720491 -0.12249028 -0.54172495 -1.25766359 0.18132214 
0.11808237 -0.12187434 -0.58733552 0.71379782 0.20412842 -0.36264354 -0.89808466 -0.30718102 -1.14721635 -1.20485977 
-0.72151452 0.83038783 0.62769230 -0.11854762 0.15925398 -0.89034583 -0.11519159 0.67388885 0.63379551 -1.15417045 
-0.11583108 0.69968654 -0.77500443 -0.68442893 -0.85512092 -0.43994841 0.06525502 -0.50593741 0.56016598 -0.53022406 
-0.71041911 0.16778251 0.80710829 -0.86220106 -0.04488812 0.74458889 -0.95037741 0.43511801 0.32881387 -0.64825681 
-0.16308716 0.90265149 -0.73876967 0.58144703 -0.17796496 1.03332560 -0.83694093 -0.66251021 0.01753159 -0.07209646 
-0.90384750 0.42572503 -0.04842677 -0.18869482 -0.56908587 0.62360865 0.30915187 -0.94930893 -0.85876091 0.23771525 
-0.73105144 -1.01136364 -0.64393350 0.02085899 0.03641145 0.58393012 0.75633875 -0.73814635 -0.08783756 -1.03512104 
0.04143171 -0.50110045 0.65775216 0.73678208 -0.58136607 -0.74864788 -0.87963281 0.00661898 -0.76448135 -0.55165882 
-0.32208548 0.72687902 -0.78182170 1.04053979 -0.76097043 -0.45880414 0.86650822 0.53090921 -0.37409032 0.53290771 
-0.94276386 0.54071239 0.40525427 -0.35075533 0.50570544 -0.17450205 -0.95426916 -0.61522746 -0.10805766 -1.00897068 
0.57079950 -0.89707053 0.76478954 0.91548461 -0.85914623 0.54506017 -0.50838645 0.84694888 -0.68082778 0.03053497 
-0.76763981 0.59518026 -0.79719131 -0.21238510 0.33148753 -0.05805049 0.48332461 0.21307813 0.71502794 0.81921900 
-0.74349054 0.31672512 -0.68183825 -0.20439782 -0.44845840 -0.65792706 0.98344108 0.46977021 -0.02216143 0.77715989 
0.56036714 -0.99110280 -0.20920571 -0.26674905 -1.05937798 -0.73485492 -0.69777223 0.58867049 -0.92346429 -0.11437212 
-0.63259041 0.64308942 0.85524969 -0.81682845 0.20513608 -0.50083580 -0.57988298 1.19661805 0.05451948 1.44841751 
-0.21611988 -0.95857503 0.45536629 0.70380443 -1.24445500 -0.26505698 -1.28765354 -0.21735767 0.00913874 -0.27180004 
0.50168070 0.48638328 0.49951598 -0.76642731 -0.46735354 -0.20870901 -0.66606591 0.21231017 -1.31847354 -1.31617920 
-0.11251598 -0.09751804 -0.38373501 0.45209808 0.15843897 0.43923566 0.74929575 0.85818216 -0.23871199 0.34817201 
-0.59872254 0.01210697 0.49057192 -0.03621977 -0.20361954 0.35107360 -0.96970159 -0.48211056 -0.94702933 0.61195760 
0.42075084 0.53247963 -0.88146208 -0.75219088 -0.25388943 0.04293735 -1.19171007 0.08808036 -0.82792778 -0.42417472 
-0.39806475 0.31381210 0.12657484 -0.15607564 0.43423289 0.50513044 0.77859573 -0.70828921 -0.29920955 -0.43485163 
0.33173724 0.32354685 0.38099771 -0.70747075 0.62040133 0.31537571 -0.28954848 1.15932336 -0.39156533 -0.19791870 
0.17549282 0.03431478 0.19827649 -0.10431631 -0.15979725 -0.17908089 0.70790316 0.05234083 0.33195204 -0.40149163 
-0.48010490 -0.37733136 -0.18254549 0.40098273 -0.10680576 -0.18854515 0.28754047 -0.41214395 -0.71630880 0.33113440 
0.61401049 -0.48394072 0.39381489 0.10671086 -0.06269899 0.85086034 0.97943359 0.76345072 0.79245786 0.30943100 
-0.78843111 1.05794640 -0.32684686 -0.23673538 0.27207242 0.90665568 0.59185967 -0.34589412 0.79509540 -0.06026312 
-0.84463794 -0.70013812 -0.12430670 -0.42844019 0.51192794 0.69284593 0.61523136 -0.43704975 0.11938124 0.85609657 
0.30587573 0.57342579 -0.62758953 0.62483339 -0.48386187 0.44678403 0.67865342 -0.21807850 -0.53199546 -0.34131073 
-0.07638323 -0.89842110 0.00602840 0.50128875 0.19642418 0.49959141 -0.92238521 -0.33674459 -0.16685373 -0.37022362 
-0.46315365 0.40068975 -0.98627317 -0.97445449 -0.51007539 0.41455218 0.23173437 -0.14909338 0.71008110 -0.13420998 
-0.38612949 0.91420432 -0.91581163 -0.59370719 0.57460033 0.91026041 0.25695994 -0.09952960 -0.92552233 -0.44771841 
-0.16759606 0.27319835 1.15664515 -0.46833269 0.60336436 -0.01373425 1.12915045 0.01846530 1.55973641 0.01256231 
0.31218985 0.02602436 0.32544530 -1.10970353 0.18401286 0.05353131 0.60437538 -0.03387278 -0.43114402 0.23071818 
-0.18651318 0.52641563 -0.81809449 -0.31915913 -0.24441076 0.58993939 -0.86665804 0.64669608 -0.50361088 -0.51971702 
0.72635380 0.78595600 0.06811908 -0.45976295 -0.54882325 -0.32671402 0.36858714 -0.56518959 0.01501152 -1.16824512 
0.73278091 0.41790611 0.02992712 0.61487302 -0.25354824 0.45252959 0.08073735 1.09044814 1.31958332 0.24951424 
-0.32329349 -0.58924504 -1.22043722 0.08045216 -1.34817745 -0.61375164 -0.18920114 -0.84813939 -1.31739424 -1.69680786 
0.54697572 -0.45620340 -0.53084660 -1.03754517 0.72260024 0.61892147 -1.04547459 0.68111213 -1.13266464 -0.21182052 
0.91201332 0.58727334 0.43985032 -0.16310237 0.05415037 -0.26716439 0.91125781 0.44090422 -0.02048295 1.64594645 
-0.02878275 -0.50547736 0.48409699 -1.15793537 -1.18708538 -0.94338155 -0.39899189 -0.97203219 -1.62250247 -1.71642883 
0.65846093 -0.19271060 0.70854365 0.20802326 -0.62363468 -0.05061615 -0.78223683 0.06789283 0.09927649 -0.31633371 
0.98196339 -0.20895599 0.38143281 -0.05097671 -0.34915171 -0.59246856 -0.62331065 -0.43231236 0.09106790 -0.41825574 
-0.53996619 0.29019082 0.39603628 -0.56092818 0.17022629 0.05385812 -0.81136745 -0.61330206 -0.63252088 0.55258933 
-0.22537363 0.85264708 0.58106766 -0.17472980 0.60569160 -0.23962038 -0.71270667 -0.13324164 -1.00241148 0.69696451 
-0.83940903 0.57782385 -0.64363884 0.68173119 0.54719130 -1.11081718 0.02993859 0.43664184 -0.70227796 -0.89442785 
-0.47650705 -0.42962653 0.41650094 -0.89816197 0.14464717 0.94862335 0.67687417 -0.43376789 0.64811885 0.84916155 
-0.52712256 0.02386186 -0.24890491 -0.68486828 -0.55813607 -0.14741812 0.15962012 -0.82411702 0.90220393 -0.77379378 
-0.83961683 0.24467207 0.37966051 0.47998419 0.70688025 -0.50505563 0.69287255 0.03698339 -0.10948508 1.45606532 
-0.27757640 0.90369722 0.13781201 0.87608983 0.29612141 0.49927380 0.24482905 0.23104104 0.13760317 -0.55943937 
-0.55196715 -1.03242786 0.07522700 -0.82118270 0.43390039 0.53446220 0.46061463 -0.84214213 -0.99469188 0.26148002 
-0.35967618 -0.92012191 -0.07687679 -0.47870452 -0.22283146 -0.41855088 -0.09899000 0.27586588 -0.61148356 0.64711110 
-0.38990795 -0.99927903 -0.59480942 -0.49513117 -1.09143331 -1.32382807 0.04627912 -0.61609779 0.15806852 -1.43553970 
-0.79952295 -0.04166997 0.86775447 0.02827193 -0.15158071 0.39482736 -0.59502978 -0.42615487 0.92190446 0.15422584 
0.05783728 0.82840797 0.65396151 -0.19061595 -0.63638379 0.53120298 0.48682457 -0.32854300 0.80712667 0.32166267 
0.21018537 0.49012697 -0.15724389 0.75928331 0.67040222 -0.09059070 1.01354917 0.67073693 0.03400142 -0.52536930 
-0.53816459 -0.66966328 -0.52094909 -0.95771013 -0.85705239 -0.89794198 -0.15876639 -0.92084472 -0.65178793 -1.04587250 
0.82744268 0.61777058 -0.48659490 0.69413752 -0.07724832 0.37220560 -0.57792165 -0.81876033 -0.66473155 -1.54796237 
0.08467371 0.86046453 -0.49906629 -0.38101517 -0.45578955 -0.59113890 0.70883054 -0.04084379 0.95268167 0.57043701 
-0.47204348 -0.20304133 0.90580254 0.90289808 0.53973327 -0.28841815 0.17666418 0.60011918 0.58608011 -0.44229116 
-0.51006461 -0.59417320 0.45563738 -0.33396424 -0.69454417 0.06622859 0.37739592 0.65463286 -0.24395338 -1.22122526 
0.11858490 -0.43163718 -0.00151724 0.90616313 -0.65922523 0.36612085 0.13664145 -0.57924205 -0.41915063 0.29419121 
-0.78789622 0.28348735 0.45365020 0.02256296 -1.26322206 -0.14370013 -1.13878340 -1.52711930 0.15003661 -1.07647627 
-0.58701475 0.51904562 0.85968881 -0.45362557 0.58465593 -0.13629295 0.04366527 -0.90452594 0.62306732 0.70132176 
-0.48620951 0.19820545 1.09155547 0.08831571 -0.67023429 0.61205532 0.88233160 0.53123179 0.93708603 1.18321159 
0.87929676 -0.36264284 0.71763912 0.44815698 -0.10751346 -0.35639621 0.06045374 1.50801355 1.24436373 0.62015058 
-0.37316926 0.07696539 -0.69841088 0.69869564 0.41548379 0.41194771 -0.26147034 0.79921524 -0.76900182 0.67658461 
-0.35019558 -0.16826285 -0.97409881 -1.19011109 -1.26517900 -0.54211252 -1.50866964 -1.57532912 -0.59333367 -0.61489997 
-0.60038013 -0.73608165 -0.65107501 -0.70539946 0.79841214 -0.40226323 0.27406492 1.11877962 -0.04181956 0.39764169 
0.36204670 0.27161003 -0.35244260 -0.72589146 -0.34003046 -1.22765808 -0.62983133 -0.94391232 0.10855406 -0.74498511 
0.42324204 -0.81442959 1.13450085 -0.56373220 1.03048288 0.41806427 1.19244779 0.77825532 0.79279717 1.38825092 
0.88862683 0.25521912 -0.58377121 1.01097741 0.00846505 1.09698374 -0.11380466 -0.56532540 0.87839721 -0.11489294 
-0.99943462 0.09137724 0.58981286 -1.05130503 0.64661493 0.55897333 -1.11150713 -1.03568146 -1.40734701 -0.73656214 
-0.77215822 0.38163497 -0.81292828 -0.09918393 -0.07768436 0.51377561 -0.43514884 -0.07913017 -0.51290753 -0.23246306 
0.05381326 -0.09805294 0.32118309 -0.96751212 -0.58096961 0.84219404 -0.08260047 -0.62453150 -0.45168535 0.94291482 
-0.33344392 0.13650458 0.48510907 -0.30188487 -0.62991933 -0.78564629 -0.92088490 -0.27886048 0.23635573 -1.01521309 
-0.37139181 -0.50346264 -0.76012748 0.05848103 -0.29791042 0.97901614 0.53869036 -0.24921110 -0.19380808 0.17125856 
-0.58804914 0.89152614 0.02698992 0.05470614 -0.17095372 0.66014828 -0.05990869 -0.26213163 -0.04909676 0.22624610 
-0.79644956 -0.99657169 0.65469883 0.79475464 -0.54608885 -0.91580214 0.66423777 0.18837162 0.18045400 -0.98754462 
-0.97761932 -0.21379343 0.32030775 -0.51502892 -0.65113971 -0.84289406 -1.11104995 -1.20015284 -1.72823037 -1.87386204 
-0.39313654 0.08382343 0.78927534 0.54928479 -0.64615754 0.09146778 -0.09709609 -0.75355875 0.68797900 -0.14551703 
0.23568246 0.71389506 0.74058334 0.48771029 0.64518054 -0.22629718 0.46397884 0.99157598 1.38060665 0.77066140 
0.36948724 -0.69474362 0.38522852 0.09428073 0.28480442 -0.99137561 -0.37977093 -0.75141185 -1.13912026 0.28645460 
-0.23029144 -0.94305441 -0.17572951 0.60793559 0.13350910 1.06868727 0.91171771 -0.41132751 0.78950616 0.47916570 
-0.03468890 -0.32136188 -0.48935407 -0.20805758 0.89554561 -0.62162963 0.67176183 -0.43260211 0.98133558 -0.36226729 
0.54144126 -0.27595626 -0.16285732 0.73939022 -0.11398045 0.14734688 0.88447654 -0.14725952 1.06634910 0.95769323 
-0.47681499 -0.66783133 -0.03372248 0.86944473 -0.04984308 -0.71798178 0.42237681 -0.00233620 0.63091283 1.40069030 
-0.86520307 0.15750337 -0.27537931 -0.89395612 -0.58677958 -0.12496459 0.13962906 0.19687336 -0.91706153 -0.10516570 
0.94537963 -0.49419606 -0.27059608 -0.54129138 -0.27735287 -0.32558630 -0.07191650 0.42430913 0.48057535 0.80028629 
-0.14051346 0.18078242 -0.65012555 0.44591198 -1.09332601 -0.69652784 0.52927010 -0.63388571 -1.25819701 -0.85191820 
-0.10481064 0.28231072 0.77011488 -0.23794828 0.02825138 0.19988566 0.83973113 0.36724519 0.06692127 -0.40503008 
0.75852890 0.65105634 0.74455614 -0.70323840 0.16909745 -0.99413842 -0.68314158 -0.47782460 0.37134761 -0.17494414 
-0.03100373 0.72984305 -0.05183734 0.75466082 0.69021361 -0.03549782 1.12649432 0.18194841 -0.62676399 0.99068050 
0.40927228 0.15706749 0.23884925 -0.17359428 0.63754423 -0.33107740 0.35003981 -0.69306120 0.81858664 -0.52464416 
-0.16701278 0.05350984 -0.94296133 -0.65795778 0.38626327 0.69832716 0.20944311 -0.87161304 -0.94076575 0.14019927 
-0.79960168 0.44675004 -0.19222115 -0.02302214 -0.18970783 -1.13289963 -0.99797834 -0.80456505 -1.43943851 0.24565519 
-0.53572047 -0.00704875 0.66862988 -0.01600736 0.40554421 -0.05591900 0.42633850 -0.45686529 -0.72374040 -0.88153475 
0.17798486 0.12517422 0.12984002 0.29946831 1.02791188 0.38647569 0.32305243 -0.79403452 0.18247319 0.76932506 
0.64386160 0.13556660 0.10330858 -0.98250391 0.15126468 0.33349638 -0.98917049 -1.39761008 0.14670963 -1.06659062 
-0.39088065 -0.88839169 -0.46936945 0.54542544 -0.65148254 0.55644977 -0.63333507 -0.69082322 -1.37298448 -0.77204008 
-0.74045843 -0.76907380 0.46627220 -0.92215529 0.51840316 0.32518566 -0.89230876 -0.03772805 -0.86524682 -1.99139456 
-0.25942967 0.81528775 0.60595440 -0.04336567 -0.72749326 0.37775770 -0.77182776 -1.29182215 -0.46578995 -0.86611714 
-0.53318756 0.75592320 0.71344554 -0.55861895 -0.59603110 -0.85504140 -1.11665446 0.18035780 -0.85016257 0.35302666 
0.26203296 -0.18218651 -0.52391751 0.18245848 -0.32832675 0.17226820 0.20471808 0.14513611 0.68354670 0.36283470 
-0.83205947 0.41584087 -0.54437294 0.01499121 -0.78460358 -0.07161858 0.48366475 0.78888664 -0.39838726 0.23984645 
-0.23622458 0.29633919 -0.26161164 -0.44806156 0.26855030 0.60878973 -0.60164925 -0.94470187 -1.48866942 0.03278468 
-0.16584355 0.26994163 -0.12014002 -0.06425569 -0.80898446 -1.27236016 -1.15414112 -0.78552984 -1.55300114 -1.69371092 
-0.14972894 0.55885326 -0.89891532 0.58978765 -0.53316898 -0.80823183 -0.18917460 -0.07821430 0.12657621 -1.00225817 
0.34444086 -0.33248164 -0.39653142 0.10415390 0.49043964 -0.07347589 0.49748049 0.82945237 -0.18257771 -0.72022527 
0.41071778 0.57192871 -0.78694964 -0.00294589 0.67603892 -0.69368967 0.95548513 -0.61090212 0.89356760 0.90107759 
-0.37034847 0.53581436 0.38097430 0.56290848 -0.95048038 0.40000035 0.86432639 -0.13328336 0.14014059 0.38358945 
-0.14387629 -0.67942567 -0.19546350 0.05319159 -1.05068054 0.24745257 0.37537574 -0.63106353 0.23803109 -1.35012311 
-0.33574115 0.64423496 -0.57950492 1.06365764 -0.03098181 0.40397672 0.10610565 -0.71064931 1.11520798 1.03666681 
0.85894534 0.12769706 0.21559951 -0.74087327 0.08697640 -1.16350107 -0.11257747 -0.89517916 0.13341166 0.06976491 
-0.74678875 0.19447687 0.33208863 0.34143395 -0.97036881 -1.09296500 0.75800304 -0.55655905 0.17621474 0.21603636 
-0.63874488 -0.77174120 -0.64348687 0.72185260 -0.51311272 -0.91223896 -1.11409627 0.14076232 -0.57065348 -0.40507344 
-0.44747341 0.42260826 -0.52529015 -0.06036321 -0.07833962 -0.07974350 -0.40044204 -1.03374431 0.18572208 -0.14233011 
