8.08280218 -12.75722389 15.06318842 2.91907550 -12.76487874 2.81566338 -1.01971099 -3.04065944 1.46445874 -7.29172605 6.44179411 -5.13009542 2.76753244 -0.68961715 -1.24040385 4.10530441 0.46681302 -2.23656049 2.05210595 3.55833225 
21.79642254 -23.93496284 25.43338529 7.40126394 -22.15325383 8.54493999 1.45089522 -0.59823618 -0.70806699 -17.24438491 11.36599290 -7.36178204 4.76829042 -4.37908898 -1.67989680 14.12957230 -0.74532980 -9.89748974 8.50317113 8.24943592 
-2.86688678 5.09862347 -6.38226911 -1.64147280 4.65926616 -0.27819061 -0.21770171 0.49680470 0.85111241 2.22528121 -3.23345312 0.97951131 -2.58307834 1.32779677 0.38262005 -2.49532057 0.40834078 0.47636044 -0.86771421 -0.47334018 
-12.81743616 22.73686962 -27.75369911 -5.23602167 21.70628142 -3.61790175 2.13325007 6.27157049 -5.01861864 12.84789102 -11.39616721 10.75982029 -3.31526125 2.45155976 0.98590297 -6.34021224 -0.14310363 3.50542993 -3.35401072 -3.48304998 
23.96939530 -24.65971599 26.09105213 9.14783606 -23.84893703 8.09768570 3.00075663 -0.85848710 0.59009116 -15.74372771 11.79461884 -7.59855456 5.19369703 -5.70926228 -2.34584449 12.76879886 0.24115793 -7.97300916 6.85357654 6.44981209 
-27.69935778 42.70812428 -49.99407572 -10.00798926 43.68204332 -10.17584815 0.70469536 6.04541104 -4.89625990 28.36268306 -24.82455548 18.16973890 -7.58252054 5.83704141 3.66046666 -16.10899699 -0.50413774 9.55615675 -8.48446427 -9.29897718 
20.48916457 -21.18262114 22.04711506 6.59838428 -21.15241905 8.26142905 3.07667869 0.80322762 -0.12955066 -15.09371663 9.19293763 -6.07423398 4.85014330 -5.68562037 -0.31245432 12.72334897 -0.93206265 -8.74137072 7.76616305 8.59600521 
-15.94729343 20.03386938 -24.40168956 -5.57142337 22.43465881 -5.25733720 0.22107896 0.36536817 -0.23508891 12.99843686 -10.13518482 7.60160748 -5.45154742 4.55982224 1.82247434 -9.16680693 0.30722519 4.01285368 -4.41891346 -4.20925558 
4.51830373 -0.57785692 -2.13620431 1.11273090 1.30826760 2.59948105 1.41099243 2.64470117 -1.83697525 -1.24064959 -0.12021526 0.57068298 0.27472342 -1.20939072 0.69830669 2.45504843 -0.57858326 -2.44311208 2.42027204 1.90806011 
-6.21692605 9.14004887 -11.75215174 -2.49425394 9.96716511 -2.39483311 1.00547742 1.63930305 -0.55248135 5.35320441 -4.84558023 5.02937140 -2.02546104 1.76072927 0.91753201 -4.06959408 0.50817516 1.18990431 -1.61965187 -2.26496783 
1.67764197 -0.90619682 2.07793162 0.37410950 -0.99749213 0.92704364 1.00229637 0.93731788 -1.11494955 -1.76917702 0.30071011 -0.23577887 1.60710203 -1.76132367 0.32705626 1.79244942 0.37570739 0.19995177 -0.31554335 1.39545429 
21.06212045 -21.66796644 22.52082324 7.09703568 -19.52081846 8.38581103 3.71259010 -0.58838088 -1.35090684 -14.14867993 9.28107235 -6.32321389 4.28287831 -3.64389803 -1.88936835 12.23604242 0.65942087 -7.39961714 6.42960904 6.83695469 
10.05314373 -11.40855181 13.24990614 3.49433835 -11.20380286 3.77202842 1.85878134 -1.21914262 1.19767356 -8.54940456 5.95407849 -3.69930323 3.22426334 -1.61616466 -0.76362375 5.58264874 -0.53618088 -3.99735303 4.56301962 3.47576373 
-32.21915298 43.35709348 -48.05929163 -11.85793300 40.93918212 -10.39933033 -2.09643614 4.71793059 -3.03983245 25.37197826 -22.72186415 16.75144861 -6.92255792 6.99269774 2.14897670 -16.86931954 0.47637709 8.41621510 -8.82732431 -8.74883238 
9.19809458 -9.43011947 9.71227864 2.49016849 -8.12762526 5.00539879 0.69230520 0.20019452 -0.84121016 -6.61464781 3.70487810 -1.85268828 1.38532297 -2.43071265 -0.62613312 5.30545393 -0.54908926 -3.60772674 2.62094788 3.68498416 
